1597936859.207428 0.001987 -0.000067 -0.000259 -0.000182 0.000256 0.000176 1.000000
1597936860.502099 -0.042532 -0.047160 0.369957 0.002076 -0.065729 0.027630 0.997453
1597936860.898403 -0.093780 -0.077511 0.674614 -0.012313 -0.114621 0.013218 0.993245
1597936861.300315 -0.148839 -0.053608 1.030966 -0.021859 -0.144995 0.006034 0.989173
1597936861.711344 -0.285699 -0.105131 1.424753 -0.028486 -0.166990 0.003398 0.985541
1597936862.106605 -0.473017 -0.142958 1.822491 -0.020179 -0.188895 -0.003024 0.981785
1597936862.510969 -0.739775 -0.103397 2.158778 -0.009335 -0.260984 -0.006293 0.965277
1597936862.903114 -1.062746 -0.097245 2.411781 0.011534 -0.368335 0.011506 0.929550
1597936863.305729 -1.414416 -0.116909 2.663769 0.016598 -0.461396 0.029965 0.886533
1597936863.714350 -1.785661 -0.116551 2.801216 0.013851 -0.565578 0.036032 0.823791
1597936864.100772 -2.209862 -0.166892 2.868191 0.006241 -0.609642 0.021653 0.792357
1597936864.504317 -2.642086 -0.202455 2.939903 0.009968 -0.640800 0.022151 0.767323
1597936864.902453 -3.089224 -0.172971 2.922530 0.014642 -0.718156 0.011496 0.695633
1597936865.309800 -3.514706 -0.232491 2.884141 0.015224 -0.769255 -0.000570 0.638761
1597936865.707728 -3.942047 -0.223275 2.864868 0.004299 -0.793109 -0.020071 0.608734
1597936866.115232 -4.381565 -0.193180 2.750911 0.023374 -0.832233 -0.008877 0.553862
1597936866.505010 -4.822829 -0.193348 2.601087 0.011083 -0.841759 -0.015252 0.539525
1597936866.908324 -5.222941 -0.163622 2.445032 -0.002761 0.871651 0.003166 -0.490110
1597936867.304003 -5.630780 -0.162299 2.231095 -0.010914 0.921156 0.010682 -0.388893
1597936867.703987 -6.012774 -0.175295 1.984951 -0.003831 0.939158 0.025082 -0.342547
1597936868.118236 -6.314586 -0.219187 1.706753 -0.001956 0.976154 0.010722 -0.216807
1597936868.498056 -6.439538 -0.212868 1.325798 -0.027566 0.997524 0.006124 -0.064412
1597936868.906338 -6.591531 -0.178395 0.927853 -0.039915 0.999087 -0.008357 0.012766
1597936869.296254 -6.616605 -0.166146 0.510737 -0.026227 0.988966 -0.019293 0.144521
1597936869.696117 -6.595938 -0.194693 0.068547 -0.022692 0.973924 -0.013027 0.225361
1597936870.113857 -6.560919 -0.154462 -0.383888 -0.038185 0.977206 -0.006576 0.208728
1597936870.506715 -6.500093 -0.041716 -0.834094 -0.009880 0.965961 -0.011156 0.258258
1597936870.899422 -6.352395 -0.082114 -1.325444 0.009606 0.954619 -0.011852 0.297440
1597936871.299834 -6.276711 -0.061220 -1.828311 0.008913 0.961783 0.000837 0.273668
1597936871.700129 -6.155788 -0.006635 -2.318904 0.005443 0.961025 0.010995 0.276190
1597936872.098876 -6.016972 0.043846 -2.798337 0.012985 0.969495 -0.013001 0.244420
1597936872.516100 -5.955061 0.054088 -3.285551 0.019227 0.982214 -0.015014 0.186175
1597936872.919443 -5.878183 0.045323 -3.783039 -0.009127 0.991001 -0.014948 0.132706
1597936873.313527 -5.944904 0.063227 -4.276574 -0.025561 0.999661 -0.001826 0.004569
1597936873.705107 -6.144743 0.070509 -4.729370 -0.027365 0.993920 0.014964 -0.105595
1597936874.101231 -6.364361 0.068966 -5.153455 -0.039392 0.980452 -0.005363 -0.192700
1597936874.514472 -6.769575 0.073847 -5.521261 -0.015507 0.935361 0.018966 -0.352845
1597936874.913545 -7.172907 0.061876 -5.852888 0.005330 0.910017 0.033136 -0.413210
1597936875.296652 -7.619326 0.057393 -6.102084 -0.034272 0.882203 -0.020610 -0.469168
1597936875.701772 -8.124047 0.057202 -6.195786 0.049371 -0.817904 0.036475 0.572071
1597936876.103788 -8.623938 0.056216 -6.140838 0.009052 -0.756947 0.002800 0.653408
1597936876.496199 -9.164265 0.016572 -5.972435 0.011401 -0.665721 0.018013 0.745896
1597936876.917446 -9.577687 -0.000375 -5.791772 0.009163 -0.544380 0.029978 0.838253
1597936877.304020 -9.934435 -0.023044 -5.430926 0.015171 -0.467566 0.051450 0.882329
1597936877.700367 -10.211015 -0.077011 -5.049145 0.003494 -0.392096 0.037066 0.919171
1597936878.102937 -10.462105 -0.091175 -4.555819 0.006515 -0.293571 0.047793 0.954720
1597936878.511484 -10.675155 -0.108851 -4.109272 0.021874 -0.283652 0.081736 0.955187
1597936878.900269 -10.826380 -0.056364 -3.639212 0.010901 -0.217652 0.038685 0.975198
1597936879.317865 -10.951266 -0.078088 -3.102377 0.005394 -0.196282 0.040640 0.979690
1597936879.700709 -11.026026 -0.116775 -2.555038 0.044637 -0.163927 0.068619 0.983070
1597936880.102121 -11.051697 -0.113639 -2.017038 0.061105 -0.109693 0.066217 0.989873
1597936880.511107 -11.054553 -0.136686 -1.482203 0.041567 -0.127196 0.069370 0.988575
1597936880.904552 -11.066114 -0.213815 -0.985687 0.043180 -0.123907 0.064294 0.989267
1597936881.305397 -11.074545 -0.220855 -0.431538 0.042858 -0.091877 0.065554 0.992686
1597936881.715050 -11.090487 -0.205668 0.069208 0.037373 -0.131775 0.074816 0.987746
1597936882.101957 -11.071663 -0.272051 0.597338 0.053867 -0.090491 0.044525 0.993442
1597936882.497631 -11.032790 -0.326361 1.128253 0.028490 -0.058953 0.051678 0.996515
1597936882.903069 -11.097567 -0.325532 1.667383 0.019653 -0.105038 0.073108 0.991583
1597936883.306035 -11.083017 -0.300815 2.219489 0.030502 -0.069766 0.060591 0.995254
1597936883.697575 -11.086627 -0.346776 2.746708 0.014540 -0.067232 0.021323 0.997404
1597936884.106025 -11.078893 -0.386025 3.264400 0.013427 -0.078936 0.042727 0.995873
1597936884.500564 -10.993004 -0.387297 3.787167 0.009500 -0.005750 0.056938 0.998316
1597936884.897713 -10.885159 -0.424365 4.269742 0.000554 0.038920 0.053179 0.997826
1597936885.297943 -10.841532 -0.466466 4.775899 0.027857 0.026851 0.066920 0.997008
1597936885.713731 -10.693936 -0.474247 5.246098 0.031680 0.052969 0.073712 0.995368
1597936886.119411 -10.611207 -0.454701 5.710409 0.041072 -0.013884 0.072712 0.996410
1597936886.502688 -10.564362 -0.508164 6.195990 0.052691 -0.066749 0.083262 0.992893
1597936886.918012 -10.539536 -0.519941 6.643333 0.031621 -0.148619 0.075663 0.985489
1597936887.300001 -10.629776 -0.517010 7.043075 0.033611 -0.290521 0.080881 0.952852
1597936887.707143 -10.803751 -0.557121 7.394414 0.033464 -0.402459 0.064660 0.912538
1597936888.097416 -11.073702 -0.570232 7.640360 0.028585 -0.514496 0.039197 0.856119
1597936888.497962 -11.460837 -0.606926 7.782965 0.006214 -0.654069 0.017538 0.756206
1597936888.908123 -11.932157 -0.591684 7.894608 0.021780 -0.705228 0.022136 0.708300
1597936889.299511 -12.380007 -0.541241 7.944556 -0.016030 -0.763922 -0.022297 0.644723
1597936889.697240 -12.820158 -0.580728 7.908956 0.005204 -0.815646 -0.008659 0.578463
1597936890.097461 -13.278853 -0.592670 7.814431 0.020086 -0.855263 -0.009207 0.517722
1597936890.508828 -13.682349 -0.547507 7.623042 -0.006619 0.898621 0.010406 -0.438552
1597936890.917512 -14.033501 -0.569175 7.326283 -0.004059 0.934099 0.024095 -0.356177
1597936891.301847 -14.308138 -0.575659 6.936172 -0.018113 0.958512 0.015319 -0.284064
1597936891.709112 -14.498616 -0.547620 6.528236 -0.033865 0.986527 -0.015004 -0.159349
1597936892.105722 -14.691679 -0.550785 6.078428 -0.012544 0.994907 0.002975 -0.099971
1597936892.504873 -14.879808 -0.539060 5.630800 -0.006534 0.997461 0.007853 -0.070476
1597936892.930634 -14.975034 -0.514273 5.142909 -0.024399 0.999593 0.001389 -0.014695
1597936893.308638 -15.086241 -0.490304 4.617573 -0.028489 0.999373 0.016733 -0.012754
1597936893.701627 -15.167230 -0.492777 4.133593 -0.036888 0.998186 0.015653 0.044942
1597936894.103157 -15.197104 -0.492809 3.647938 -0.027432 0.995636 0.008289 0.088816
1597936894.514214 -15.231864 -0.456755 3.101163 -0.044573 0.996324 -0.009962 0.072475
1597936894.907081 -15.250078 -0.433266 2.600800 -0.044977 0.992659 -0.008795 0.111931
1597936895.312857 -15.269308 -0.439379 2.111868 -0.037532 0.992140 0.004556 0.119285
1597936895.706069 -15.277142 -0.429417 1.599348 -0.035722 0.994115 0.001631 0.102256
1597936896.102569 -15.247189 -0.399672 1.098423 -0.049908 0.987449 0.012927 0.149284
1597936896.498399 -15.243925 -0.431439 0.611875 -0.039175 0.990463 -0.005217 0.131992
1597936896.907800 -15.226383 -0.391801 0.109433 -0.030729 0.991211 -0.009604 0.128311
1597936897.301276 -15.152470 -0.349723 -0.366721 -0.034342 0.978248 0.013854 0.204104
1597936897.703263 -15.069982 -0.279283 -0.861717 -0.025215 0.985653 -0.007831 0.166707
1597936898.107605 -15.016152 -0.270686 -1.365841 -0.014907 0.985685 0.007466 0.167773
1597936898.504939 -14.862487 -0.304841 -1.840575 -0.035784 0.980865 0.010543 0.191084
1597936898.898475 -14.730544 -0.285021 -2.322394 -0.048697 0.982352 0.002889 0.180568
1597936899.300608 -14.631124 -0.218809 -2.805599 -0.033517 0.976922 -0.001092 0.210947
1597936899.698721 -14.494101 -0.225410 -3.259327 -0.010398 0.970564 0.006576 0.240528
1597936900.109297 -14.362372 -0.203717 -3.761418 -0.014039 0.977476 -0.001290 0.210574
1597936900.507602 -14.169422 -0.157995 -4.210001 -0.020442 0.967856 0.005767 0.250607
1597936900.899616 -13.963001 -0.177676 -4.658202 0.003509 0.973078 -0.013863 0.230031
1597936901.305681 -13.721056 -0.156246 -5.103442 -0.018494 0.972749 -0.003521 0.231096
1597936901.696942 -13.532390 -0.122379 -5.551585 -0.039041 0.970080 0.008645 0.239468
1597936902.106102 -13.362096 -0.079888 -6.020096 -0.028027 0.978117 0.019434 0.205241
1597936902.497549 -13.199035 -0.054310 -6.526721 -0.021835 0.982841 -0.017103 0.182356
1597936902.900979 -13.018528 -0.085154 -7.006189 -0.038940 0.975911 0.008967 0.214478
1597936903.329380 -12.868492 -0.035761 -7.528773 -0.025609 0.986515 -0.021832 0.160175
1597936903.699804 -12.736588 0.022808 -8.044187 -0.021359 0.984924 -0.020858 0.170389
1597936904.098147 -12.558113 0.001948 -8.542916 -0.028520 0.979860 -0.012558 0.197238
1597936904.500857 -12.418117 0.038936 -9.075600 -0.034566 0.984921 -0.007754 0.169336
1597936904.911015 -12.277080 0.105696 -9.567550 -0.006853 0.980390 0.009148 0.196734
1597936905.298854 -12.044370 0.133870 -10.016860 0.011100 0.962964 -0.007569 0.269296
1597936905.707103 -11.815872 0.161327 -10.409317 0.013819 0.920620 -0.023726 0.389494
1597936906.122110 -11.517047 0.216680 -10.732008 0.019419 0.859303 -0.033746 0.509982
1597936906.495583 -11.173246 0.314925 -10.996340 0.052192 0.781076 -0.052182 0.620059
1597936906.897683 -10.798321 0.347751 -11.180742 0.064047 0.692391 -0.064143 0.715806
1597936907.298150 -10.406130 0.623430 -11.442201 0.055105 0.622592 -0.052745 0.778820
1597936907.698691 -9.973206 0.907614 -11.504334 0.052898 0.583781 -0.045409 0.808913
1597936908.102073 -9.612012 0.857034 -11.422845 0.041885 0.613009 -0.029193 0.788424
1597936908.509825 -9.320257 0.949673 -11.381570 0.030912 0.665138 -0.024477 0.745679
1597936908.906744 -9.027805 1.325790 -11.512196 0.041759 0.743525 -0.048072 0.665669
1597936909.301695 -8.651862 1.803966 -11.746334 0.036329 0.824496 -0.060916 0.561405
1597936909.724965 -8.283490 1.740871 -12.085431 0.035839 0.901406 -0.056425 0.427785
1597936910.099261 -7.993244 1.768623 -12.420661 0.014165 0.966433 0.000248 0.256529
1597936910.514122 -8.013802 1.520612 -12.829008 0.003508 0.977508 -0.051743 0.204420
1597936910.902556 -7.665569 1.567102 -13.186780 0.027118 0.951641 -0.077857 0.295944
1597936911.299776 -7.246997 1.606446 -13.467178 0.023884 0.895478 -0.090818 0.435087
1597936911.703860 -6.849586 1.424605 -13.717000 0.017521 0.808181 -0.046235 0.586855
1597936912.095764 -6.399998 1.478774 -13.881594 0.019034 0.741579 -0.028330 0.669997
1597936912.535095 -5.885210 1.555447 -14.002115 0.013378 0.686801 -0.010206 0.726651
1597936912.899886 -5.364953 1.652473 -14.007854 0.026371 0.679186 -0.018192 0.733267
1597936913.299642 -4.891183 1.624578 -13.950247 0.034914 0.645139 -0.015452 0.763111
1597936913.696903 -4.403392 1.626352 -13.934412 0.031974 0.606417 -0.005712 0.794483
1597936914.098126 -3.864222 1.582671 -13.787389 0.030596 0.595825 -0.003668 0.802523
1597936914.497933 -3.294924 1.523078 -13.782483 0.024669 0.627634 -0.002919 0.778113
1597936914.899393 -2.754288 1.522618 -13.730563 0.032774 0.626111 -0.004861 0.779029
1597936915.304591 -2.167137 1.578375 -13.650762 0.038775 0.625585 -0.022050 0.778880
1597936915.700197 -1.640400 1.494534 -13.681731 0.043100 0.634108 -0.030710 0.771431
1597936916.104830 -1.111339 1.415887 -13.618041 0.042261 0.632545 -0.023998 0.772997
1597936916.498318 -0.559376 1.434774 -13.649282 0.039906 0.668561 -0.030388 0.741964
1597936916.897156 -0.035624 1.489543 -13.688218 0.036324 0.661126 -0.031121 0.748748
1597936917.301388 0.472061 1.416228 -13.705417 0.040667 0.664851 -0.034881 0.745052
1597936917.698614 0.999785 1.392434 -13.783253 0.035270 0.676941 -0.030394 0.734563
1597936918.104167 1.542276 1.378230 -13.791016 0.033288 0.662386 -0.022611 0.748081
1597936918.502443 2.067286 1.402599 -13.787852 0.035586 0.653283 -0.026821 0.755801
1597936918.910441 2.583646 1.354785 -13.826844 0.050052 0.656603 -0.042613 0.751367
1597936919.317545 3.097734 1.315442 -13.833604 0.040561 0.624542 -0.028645 0.779411
1597936919.704449 3.640482 1.304243 -13.835100 0.011613 0.638152 -0.001178 0.769822
1597936920.105088 4.162352 1.332762 -13.848697 0.043784 0.617918 -0.029536 0.784466
1597936920.508062 4.640296 1.319846 -13.841573 0.036630 0.579638 -0.014260 0.813926
1597936920.915435 5.093386 1.327569 -13.866899 0.046620 0.557919 -0.023035 0.828265
1597936921.296302 5.585184 1.337116 -13.881932 0.020700 0.544266 0.002228 0.838654
1597936921.718312 6.050826 1.246011 -13.806750 0.019500 0.484915 0.026733 0.873935
1597936922.098477 6.498405 1.208315 -13.698074 0.010636 0.418676 0.050968 0.906642
1597936922.510395 6.867378 1.210406 -13.517470 0.007140 0.318212 0.076147 0.944929
1597936922.906838 7.186010 1.091095 -13.255800 -0.003989 0.216969 0.083228 0.972616
1597936923.300850 7.443051 1.048181 -12.884309 -0.022765 0.112193 0.061262 0.991535
1597936923.698000 7.543031 0.992621 -12.456756 -0.025586 0.028291 0.075232 0.996436
1597936924.103337 7.586778 0.920875 -11.988770 -0.033779 -0.040654 0.087821 0.994733
1597936924.498064 7.620902 0.822608 -11.502662 -0.030409 -0.069777 0.063779 0.995057
1597936924.919030 7.569732 0.695353 -11.013068 -0.033637 -0.113824 0.064419 0.990839
1597936925.331455 7.564377 0.650405 -10.507225 -0.042757 -0.087414 0.073365 0.992546
1597936925.699959 7.552207 0.607252 -9.999648 -0.064646 -0.108029 0.031770 0.991535
1597936926.108476 7.568253 0.480621 -9.562003 -0.073940 -0.091121 0.035585 0.992453
1597936926.530282 7.520535 0.374133 -9.032747 -0.042944 -0.057748 0.058809 0.995672
1597936926.896140 7.549065 0.299719 -8.539336 -0.041613 -0.074883 0.060098 0.994510
1597936927.322716 7.538685 0.211180 -8.012172 -0.034950 -0.070681 0.049730 0.995645
1597936927.698274 7.584190 0.074633 -7.523844 -0.036708 -0.065748 0.074381 0.994383
1597936928.096214 7.534546 -0.003991 -7.008510 -0.025039 -0.119387 0.085092 0.988878
1597936928.512868 7.518104 -0.072005 -6.552947 -0.019137 -0.124637 0.083689 0.988481
1597936928.901906 7.525987 -0.188800 -6.088908 -0.028892 -0.153764 0.075914 0.984763
1597936929.294120 7.488695 -0.297415 -5.647558 -0.013345 -0.197721 0.085044 0.976471
1597936929.710805 7.431757 -0.369957 -5.217481 -0.017052 -0.245920 0.079366 0.965885
1597936930.101387 7.327774 -0.441992 -4.831195 -0.000829 -0.363226 0.068304 0.929193
1597936930.492678 7.133955 -0.566236 -4.541628 0.011031 -0.475722 0.062353 0.877313
1597936930.898619 6.874838 -0.589361 -4.335595 -0.004415 -0.615809 0.025574 0.787468
1597936931.303308 6.592767 -0.620140 -4.203052 0.027019 -0.705363 0.027450 0.707799
1597936931.703365 6.202353 -0.634755 -4.164365 0.050232 -0.758709 0.026782 0.648937
1597936932.108743 5.819487 -0.678694 -4.158284 0.062792 -0.783793 0.014121 0.617679
1597936932.500187 5.445950 -0.745713 -4.215203 0.082464 -0.795827 0.014636 0.599703
1597936932.897101 5.136997 -0.800323 -4.283480 0.083286 -0.798401 0.029429 0.595611
1597936933.301916 4.847191 -0.892889 -4.355545 0.094098 -0.765308 0.059716 0.633943
1597936934.101390 4.320171 -1.097709 -4.365943 0.091831 -0.690291 0.096487 0.711166
1597936934.496911 4.052636 -1.206072 -4.278166 0.024442 -0.609255 0.066927 0.789767
1597936934.903871 3.747854 -1.297868 -4.118924 0.000031 -0.475662 0.101461 0.873757
1597936935.697495 3.409190 -1.491246 -3.569430 -0.017062 -0.248797 0.156259 0.955715
1597936936.100215 3.219970 -1.564585 -3.298138 -0.038593 -0.423379 0.059047 0.903202
1597936936.497568 3.151891 -1.191795 -3.208565 -0.480689 0.429737 -0.444811 0.621617
1597936936.906044 3.114542 -1.153844 -3.586869 -0.526863 -0.357846 0.629148 -0.445572
1597936937.308602 3.122350 -2.109041 -2.780142 -0.486574 -0.067727 0.868867 -0.061062
1597936937.703258 3.934049 -1.978014 -2.249873 0.198201 0.668389 -0.602875 -0.387961
1597936938.098918 3.245614 -1.293138 -2.369487 0.534211 0.486862 0.337949 0.602806
1597936938.509538 3.772775 -1.409495 -2.619465 0.286968 0.626990 -0.555031 -0.465267
1597936938.898988 2.948477 -1.092418 -2.978907 0.550915 0.566886 0.190739 0.582024
1597936939.305869 3.894771 -1.863060 -3.339285 -0.447030 -0.458041 0.575900 0.508627
1597936939.709719 2.421564 -0.578569 -3.468906 0.534308 0.359337 0.387635 0.659644
1597936940.103300 3.782557 -0.985506 -3.272495 -0.492937 -0.123228 -0.679397 0.529384
1597936940.496770 1.919735 -1.180559 -2.898324 0.528553 0.543050 0.054240 0.650220
1597936940.899721 3.334917 -0.673638 -3.019480 -0.447859 0.085089 -0.550431 0.699434
1597936941.295360 2.726120 -1.521776 -2.705707 0.564583 0.565242 -0.088919 0.594846
1597936941.706882 5.900675 -0.004259 -0.258516 0.820332 -0.286015 0.106996 -0.483532
1597936942.116292 0.746548 1.231893 1.475312 -0.052682 -0.399841 0.041434 0.914131
1597936942.499911 2.528720 -6.171431 3.029333 0.885303 0.276721 -0.350088 0.130777
1597936942.907967 4.253763 1.085333 8.213047 -0.494231 -0.108720 -0.459418 0.729966
1597936943.293694 -3.482905 -7.816236 6.800895 -0.576043 0.707314 0.355410 -0.203875
1597936943.694044 3.625067 -2.712955 15.327913 -0.536138 0.557324 -0.031549 0.633206
1597936944.102306 -6.734715 -3.120288 14.327188 -0.155948 0.852438 -0.247076 -0.433569
1597936944.501829 -4.175490 -13.355694 16.865660 -0.653997 0.267413 0.702645 0.084067
1597936944.905015 2.747041 -6.783733 24.749102 -0.511511 0.454935 -0.130486 0.717192
1597936945.299641 -7.813381 -4.686517 21.070587 -0.073809 0.851947 -0.289561 -0.429991
1597936945.703932 -9.875449 -13.864217 19.725771 -0.585215 0.799243 0.135553 -0.018945
1597936946.107986 -6.840024 -14.782815 21.064936 -0.280345 0.734666 0.510426 0.348048
1597936946.499845 -3.819512 -19.005346 30.083551 -0.312055 0.598955 0.562339 0.477125
1597936946.909720 -2.757777 -15.796984 43.550819 -0.170565 -0.532733 0.582160 0.590079
1597936947.301973 -13.553339 -17.701860 55.553211 -0.077701 0.891913 -0.253043 -0.366637
1597936947.697262 -19.108559 -30.487509 63.144733 -0.321347 0.872799 0.356592 0.088315
1597936948.092353 -16.561974 -39.257370 72.350304 -0.343100 0.652508 0.554992 0.385356
1597936948.525585 -14.766976 -44.466576 83.451889 -0.303454 0.630139 0.466812 0.541228
1597936948.906754 -16.117752 -47.941006 93.084122 -0.301061 0.640832 0.353208 0.611507
1597936949.316308 -23.031149 -50.453552 99.280884 -0.327786 0.669677 0.439457 0.500966
1597936949.706363 -28.273802 -45.367638 109.006615 -0.247216 0.948207 -0.193785 0.047269
1597936950.106645 -21.039175 -50.449856 120.337143 0.001699 -0.763035 0.403466 0.504966
1597936950.514733 -25.122137 -65.160042 122.104774 -0.306014 0.645909 0.178742 0.676172
1597936950.902519 -40.904896 -66.022789 126.034737 -0.421172 0.617540 0.462866 0.476460
1597936951.299176 -48.489517 -60.607006 140.011200 -0.300800 0.921964 -0.234346 0.067710
1597936951.697457 -48.188721 -63.572197 157.369797 -0.089040 0.798682 -0.522301 -0.285273
1597936952.104828 -51.029823 -73.437248 174.526520 0.090787 0.704429 -0.523645 -0.470461
1597936952.501280 -61.043663 -82.023987 195.305420 -0.155810 -0.639421 0.559232 0.504107
1597936952.905981 -73.505135 -89.033997 216.332291 0.168232 0.617871 -0.588148 -0.493980
1597936953.302071 -87.161110 -94.000198 237.764252 0.098236 0.724058 -0.482606 -0.482888
1597936953.706774 -93.821098 -104.156876 252.409393 -0.155567 -0.580397 0.554126 0.576092
1597936954.105064 -101.201141 -116.401047 269.471344 -0.284498 0.597149 0.410020 0.627979
1597936954.511384 -112.444214 -127.077835 293.151123 -0.299971 0.617329 0.364444 0.629366
1597936954.900607 -125.379868 -138.704575 319.008392 -0.289334 0.622039 0.357886 0.633460
1597936955.300166 -139.052490 -151.866257 343.789246 -0.313928 0.635608 0.305380 0.635763
1597936955.697236 -152.854843 -164.553452 368.252747 -0.333221 0.632105 0.275902 0.642873
1597936956.101078 -170.235306 -177.073212 384.723206 -0.386308 0.589258 0.350006 0.617282
1597936956.513275 -191.542419 -181.660568 399.318817 -0.420821 0.633888 0.482772 0.433620
1597936956.899834 -207.404007 -180.554642 419.988708 -0.367039 0.895035 0.154334 0.200937
1597936957.300117 -209.129288 -175.613480 445.354309 -0.213177 0.833566 -0.481557 -0.166810
1597936957.699193 -200.048477 -191.249771 464.582458 -0.112437 -0.609341 0.508583 0.597834
1597936958.095309 -221.633972 -208.542664 467.532715 -0.396505 0.590204 0.409157 0.571869
1597936958.508300 -233.563004 -194.234833 488.904938 -0.287976 0.883404 -0.368785 -0.025779
1597936958.904381 -227.467270 -202.952896 514.576416 0.011885 0.737645 -0.484240 -0.470373
1597936959.299947 -233.406219 -221.893158 536.598083 -0.207470 -0.038363 0.767024 0.605936
1597936959.710691 -246.267090 -236.908676 558.598328 -0.300763 0.642018 0.290382 0.642676
1597936960.100124 -261.759186 -251.217422 579.595703 -0.368897 0.605598 0.329217 0.623524
1597936960.496207 -276.330078 -264.412872 608.779785 -0.385799 0.593507 0.373785 0.599328
1597936960.917607 -289.112976 -276.188232 645.125366 -0.377635 0.592747 0.399403 0.588659
1597936961.326977 -303.857422 -282.045441 686.836792 -0.318875 0.471743 0.591526 0.570854
1597936961.722898 -327.108093 -283.581848 731.406494 -0.176255 -0.629518 0.556065 0.513258
1597936962.119984 -361.116241 -292.191101 774.729736 0.011856 0.823060 -0.429699 -0.371202
1597936962.503642 -397.734009 -314.844330 814.809387 -0.177315 0.912111 -0.337710 -0.150218
1597936962.906428 -424.071472 -348.629059 856.784851 -0.312824 0.946055 0.039029 0.074825
1597936963.306515 -439.646881 -380.337830 905.930054 -0.395858 0.741243 0.464780 0.278989
1597936963.694045 -449.295380 -406.828369 960.130615 -0.427194 0.586701 0.526893 0.442348
1597936964.109952 -459.899231 -423.197266 1016.691040 -0.416251 0.567388 0.470564 0.532330
1597936964.516875 -474.169250 -430.632141 1075.860107 -0.365683 0.594149 0.409622 0.587769
1597936965.103103 -546.628540 -459.310425 1127.635864 -0.352427 0.906657 0.176536 0.150344
1597936965.502656 -562.284302 -479.129211 1169.119141 -0.381047 0.834997 0.325376 0.227408
1597936965.915857 -580.487610 -492.420044 1207.471069 -0.384726 0.834405 0.318578 0.232943
1597936966.298915 -599.953613 -499.515778 1243.096069 -0.364131 0.907611 0.133421 0.160780
1597936966.696090 -616.076416 -500.029083 1278.642090 -0.311517 0.920706 -0.234763 0.011998
1597936967.093759 -618.971313 -495.701477 1313.977539 -0.174975 0.812680 -0.498508 -0.245815
1597936967.495642 -605.979248 -507.881714 1343.858032 -0.069523 -0.666963 0.500407 0.547649
1597936967.897908 -612.151978 -541.335327 1352.227417 -0.340579 0.618516 0.297301 0.642694
1597936968.300019 -647.086243 -533.028076 1355.258057 -0.368642 0.893165 0.119176 0.228379
1597936968.711955 -626.089172 -521.115540 1383.516724 -0.030272 -0.722535 0.407487 0.557656
1597936969.121732 -644.246582 -549.554688 1367.869751 -0.424740 0.569533 0.429430 0.557511
1597936969.501715 -636.817993 -521.802734 1390.057129 -0.034995 0.725009 -0.549912 -0.413199
1597936969.907049 -655.885437 -549.610474 1377.597534 -0.423183 0.576749 0.431109 0.549929
1597936970.295125 -636.805420 -537.815308 1403.967407 -0.090052 -0.647090 0.484589 0.581669
1597936970.696070 -668.995239 -530.653381 1394.583130 -0.337458 0.885899 -0.287553 0.136448
1597936971.120565 -658.249573 -565.114807 1397.696777 -0.376070 0.563369 0.259347 0.688422
1597936971.495015 -646.175232 -543.833618 1422.480713 -0.060915 -0.664414 0.479752 0.569808
1597936971.911305 -670.828979 -528.621460 1416.935791 -0.215777 0.788867 -0.572476 -0.058311
1597936972.307156 -684.309143 -545.848145 1402.504639 -0.409408 0.769015 0.312239 0.378824
1597936972.714705 -672.935730 -567.164978 1403.666138 -0.408063 0.542525 0.324498 0.658675
1597936973.096681 -654.853210 -566.506714 1418.980591 -0.261783 0.652067 -0.008473 0.711482
1597936973.497198 -652.029114 -547.345398 1430.322021 -0.058542 -0.645917 0.564402 0.510700
1597936973.899648 -665.027832 -531.488159 1429.240723 -0.169038 0.743347 -0.602959 -0.235162
1597936974.294104 -681.403748 -529.419617 1427.988770 -0.256764 0.792361 -0.552202 -0.036198
1597936974.723181 -697.614014 -536.787537 1425.588257 -0.326460 0.877425 -0.309748 0.166149
1597936975.107494 -709.992554 -548.904358 1424.410889 -0.371240 0.849388 0.135952 0.349625
1597936975.494714 -717.281860 -563.612366 1425.797241 -0.390622 0.683740 0.371703 0.491681
1597936975.906947 -720.760315 -576.506531 1428.886475 -0.391658 0.593151 0.393040 0.583348
1597936976.302200 -722.250671 -586.182251 1433.393921 -0.383054 0.589722 0.378202 0.602047
1597936976.706264 -721.787842 -594.228943 1440.139771 -0.348524 0.577605 0.289410 0.679077
1597936977.096809 -722.195618 -601.466858 1448.275024 -0.319239 0.597159 0.237693 0.696412
1597936977.496397 -723.725403 -605.056885 1455.617920 -0.183582 0.674249 0.166039 0.695785
1597936977.905301 -723.182800 -610.479004 1463.338379 0.268992 0.637831 -0.278315 0.665850
1597936978.300974 -716.313049 -620.427246 1462.021118 0.238683 0.525539 -0.311427 0.754886
1597936978.712810 -712.534119 -630.491089 1462.909790 0.244697 0.484828 -0.333982 0.770403
1597936979.094275 -708.679016 -640.611328 1465.364868 0.287128 0.470562 -0.389123 0.738046
1597936979.502999 -706.631165 -650.327209 1467.909058 0.534029 0.579115 -0.458612 0.411234
1597936979.895638 -700.815979 -659.390442 1467.148438 0.571271 0.811395 -0.074453 -0.098715
1597936980.304428 -702.835022 -667.171265 1457.988159 0.520849 0.839723 -0.116332 -0.100242
1597936980.698802 -704.608521 -675.495300 1449.557861 0.521611 0.816762 -0.066774 -0.237409
1597936981.098903 -709.569031 -683.024658 1441.698975 0.604239 0.750565 -0.029797 -0.265818
1597936981.501750 -715.665833 -688.291870 1432.817871 0.567062 0.761893 -0.056944 -0.307762
1597936981.907110 -722.809143 -693.999390 1425.055176 0.579018 0.756950 -0.075881 -0.293270
1597936982.323406 -729.662659 -699.530212 1416.968628 0.472351 0.801558 -0.142891 -0.337597
1597936982.695409 -737.533081 -706.708862 1411.471069 0.512092 0.775326 -0.120810 -0.349336
1597936983.099809 -745.808838 -712.961914 1405.446289 0.489669 0.765409 -0.117335 -0.400756
1597936983.502435 -755.107666 -718.899536 1400.758789 0.489236 0.764485 -0.133983 -0.397818
1597936983.892677 -764.412476 -724.841370 1396.066895 0.461287 0.772769 -0.159713 -0.405628
1597936984.306032 -773.843079 -731.096558 1392.118530 0.476679 0.749643 -0.143886 -0.436014
1597936984.705914 -783.888611 -736.572144 1388.541138 0.476136 0.747814 -0.162523 -0.433192
1597936985.100479 -793.941284 -742.042236 1384.976196 0.481877 0.731591 -0.165054 -0.453129
1597936985.505040 -804.370483 -747.030212 1381.806152 0.481279 0.728018 -0.188449 -0.450385
1597936985.898623 -814.799622 -752.017090 1378.634644 0.480676 0.724074 -0.210451 -0.447635
1597936986.318640 -825.228760 -757.002930 1375.461548 0.480067 0.719858 -0.231132 -0.444880
1597936986.698747 -835.657959 -761.987793 1372.286865 0.479452 0.715453 -0.250566 -0.442120
1597936987.101792 -846.087097 -766.971619 1369.110596 0.478831 0.710929 -0.268829 -0.439354
1597936987.503726 -856.516296 -771.954468 1365.932739 0.478204 0.706343 -0.285998 -0.436583
1597936987.906197 -866.945557 -776.936340 1362.753174 0.477572 0.701744 -0.302145 -0.433807
1597936988.308114 -877.377319 -781.915527 1359.573120 0.476926 0.697119 -0.317508 -0.430994
1597936988.694690 -887.811768 -786.892029 1356.392334 0.476268 0.692499 -0.332126 -0.428144
1597936989.096434 -898.246094 -791.867432 1353.210083 0.475603 0.687963 -0.345887 -0.425288
1597936989.498720 -908.680420 -796.841919 1350.026123 0.474932 0.683533 -0.358856 -0.422427
1597936989.899798 -919.114807 -801.815369 1346.840332 0.474256 0.679222 -0.371090 -0.419561
1597936990.306612 -929.553223 -806.790283 1343.651978 0.454708 0.680959 -0.388641 -0.422485
1597936990.706658 -940.643677 -812.108459 1341.812256 0.454485 0.672999 -0.409332 -0.415888
1597936991.101474 -956.935120 -814.930420 1340.617188 0.444937 0.634157 -0.515305 -0.366519
1597936991.502692 -974.625366 -816.201050 1338.158081 0.422774 0.619891 -0.592573 -0.293009
1597936991.894872 -992.128113 -817.224243 1334.522827 -0.397415 -0.627379 0.633439 0.217284
1597936992.299942 -1009.346680 -818.187744 1329.706177 -0.369053 -0.644533 0.654829 0.139916
1597936992.704584 -1026.192993 -819.281189 1323.738770 0.337900 0.666162 -0.662020 -0.061491
1597936993.096606 -1042.590332 -820.690430 1316.685669 0.304193 0.689666 -0.656906 0.017399
