1598537906.146251 0.048151 0.000000 0.035779 0.000000 0.005649 -0.000000 0.999984
1598537906.585657 0.035753 -0.022491 0.707649 -0.013478 -0.012887 -0.002602 0.999823
1598537906.996201 0.029092 0.019191 1.289462 -0.014734 -0.007839 0.005171 0.999847
1598537907.395981 0.188501 0.041988 1.773214 0.006221 -0.007472 -0.013296 0.999864
1598537907.803848 0.192697 -0.033922 2.364657 0.002930 -0.033410 -0.003007 0.999433
1598537908.197254 0.311843 -0.044093 2.895711 0.006012 -0.007696 0.005232 0.999939
1598537908.626641 0.376302 -0.053725 3.465839 -0.000935 -0.026440 0.019525 0.999459
1598537909.015352 0.472914 -0.060540 3.995228 -0.000454 -0.010117 0.009010 0.999908
1598537909.425316 0.452123 -0.031188 4.531133 -0.005847 -0.014626 -0.009829 0.999828
1598537909.831133 0.521509 -0.049137 5.098042 -0.008139 -0.019025 0.009407 0.999742
1598537910.215988 0.597659 -0.053134 5.626889 0.016449 0.026552 0.020582 0.999300
1598537910.618264 0.669008 0.013200 6.099937 0.005438 0.010170 0.005356 0.999919
1598537911.001338 0.662381 -0.117548 6.707134 -0.010698 -0.017045 0.022019 0.999555
1598537911.386033 0.719359 -0.128935 7.230359 0.001341 -0.009106 0.023999 0.999670
1598537911.794361 0.668241 -0.050213 7.780020 -0.028790 -0.064649 0.020061 0.997291
1598537912.185472 0.772453 -0.104836 8.316552 -0.010451 -0.024270 0.008375 0.999616
1598537912.617946 0.751599 -0.138929 8.854865 0.011442 -0.047558 0.017070 0.998657
1598537913.031274 0.789807 -0.168335 9.445848 -0.000513 -0.051013 0.041133 0.997850
1598537913.426664 0.818574 -0.135184 9.947070 -0.010564 -0.029559 0.026123 0.999166
1598537913.825650 0.852019 -0.085082 10.450737 -0.002310 -0.038515 -0.003669 0.999249
1598537914.214343 0.891748 -0.177490 11.121017 -0.021441 -0.033390 0.010121 0.999161
1598537914.621417 0.928847 -0.215557 11.627661 -0.008456 -0.019122 0.030704 0.999310
1598537915.020829 0.879884 -0.229019 12.153398 -0.019396 -0.080346 0.051246 0.995260
1598537915.425255 0.826759 -0.220445 12.748384 -0.008375 -0.103351 0.026498 0.994257
1598537915.828094 0.911445 -0.224520 13.148041 0.004890 -0.088724 -0.000740 0.996044
1598537916.246496 0.845305 -0.192278 13.697680 0.025747 -0.217277 0.029318 0.975330
1598537916.620196 0.718057 -0.190466 14.242582 0.003701 -0.367834 0.035296 0.929214
1598537917.022061 0.733954 -0.075115 14.722919 -0.013706 -0.495613 -0.005644 0.868417
1598537917.422715 0.565506 -0.219521 15.105872 -0.036914 -0.548785 -0.032696 0.834508
1598537917.825403 0.602888 -0.170179 15.673495 -0.006508 -0.540367 0.000413 0.841404
1598537918.221189 0.526179 -0.258491 16.364048 -0.009858 -0.456796 0.008357 0.889477
1598537918.611269 0.667187 -0.262365 16.858765 0.010596 -0.322566 0.010477 0.946430
1598537919.025380 0.775231 -0.188722 17.263815 -0.000026 -0.314934 -0.021597 0.948868
1598537919.425341 0.875890 -0.225987 17.870155 0.032254 -0.246163 0.004319 0.968682
1598537919.815616 0.990697 -0.281875 18.391062 -0.008296 -0.133503 -0.002469 0.991011
1598537920.223641 1.039632 -0.277173 18.925077 0.000719 -0.072028 -0.002600 0.997399
1598537920.626083 1.124233 -0.273749 19.463451 0.014956 -0.047994 0.015128 0.998621
1598537921.038171 1.274733 -0.264485 19.962925 0.006165 0.023249 0.044120 0.998737
1598537921.422800 1.317999 -0.319221 20.449652 -0.009988 0.023100 0.001871 0.999682
1598537921.818255 1.470226 -0.272568 20.991734 0.003065 0.072411 -0.017015 0.997225
1598537922.218837 1.456750 -0.279511 21.516863 0.011072 0.067742 -0.006674 0.997619
1598537922.611284 1.481520 -0.353786 22.057631 -0.005368 0.060473 -0.004512 0.998145
1598537923.017203 1.511737 -0.344064 22.553682 0.001139 0.084987 0.001152 0.996381
1598537923.408694 1.575122 -0.293621 23.142530 -0.022164 0.050570 0.003009 0.998470
1598537923.807784 1.601859 -0.340527 23.587318 -0.012441 0.026848 -0.018229 0.999396
1598537924.234461 1.645976 -0.298513 24.066109 0.008633 0.031788 -0.016511 0.999321
1598537924.619964 1.764125 -0.346509 24.641182 -0.006842 0.010840 -0.010710 0.999860
1598537924.982268 1.886150 -0.390050 25.235947 0.003954 0.052793 0.009267 0.998555
1598537925.424115 1.904996 -0.384430 25.659578 0.013693 0.088627 0.041994 0.995085
1598537925.826317 1.899572 -0.359775 26.161943 -0.003809 0.064046 0.056495 0.996339
1598537926.209606 1.957202 -0.336296 26.705511 -0.017991 0.086844 0.054244 0.994581
1598537926.619442 1.990642 -0.363458 27.088528 0.007104 0.117448 0.032167 0.992533
1598537927.018362 2.031758 -0.360290 27.727478 0.009461 0.096798 0.037670 0.994546
1598537927.427117 2.095129 -0.365505 28.237614 -0.003389 0.114895 0.044661 0.992367
1598537927.802005 2.176371 -0.399091 28.759922 0.013629 0.095424 0.010441 0.995289
1598537928.186650 2.297447 -0.376689 29.285118 -0.013879 0.088995 0.042855 0.995013
1598537928.588485 2.269292 -0.439544 29.794115 -0.018197 0.091501 0.053159 0.994219
1598537929.008166 2.250218 -0.471105 30.371939 -0.004551 0.040773 0.059088 0.997409
1598537929.423761 2.359179 -0.474541 30.867794 -0.025388 0.039401 0.048326 0.997731
1598537929.837361 2.381970 -0.448297 31.361843 -0.020208 0.064266 0.051634 0.996391
1598537930.216802 2.455556 -0.444735 31.891653 -0.018409 0.065706 0.030885 0.997191
1598537930.617949 2.524378 -0.449403 32.385101 0.005905 0.106327 0.030336 0.993851
1598537931.029851 2.609332 -0.455756 32.958111 0.003549 0.076367 0.022024 0.996830
1598537931.395255 2.671926 -0.460270 33.456684 -0.003168 0.083135 0.028036 0.996139
1598537931.801185 2.722694 -0.458103 33.972099 -0.002230 0.096120 0.025953 0.995029
1598537932.236606 2.767274 -0.493607 34.517944 0.014900 0.081601 0.016385 0.996419
1598537932.612908 2.864984 -0.475235 35.009506 -0.012917 0.098880 0.012004 0.994943
1598537933.022193 2.936265 -0.491670 35.494717 -0.001738 0.114830 -0.002562 0.993380
1598537933.424933 2.933506 -0.508859 36.081081 -0.009030 0.085031 0.034493 0.995740
1598537933.820427 3.008591 -0.481291 36.552044 -0.021002 0.105559 0.042927 0.993264
1598537934.221393 3.002067 -0.510842 37.068859 0.000807 0.101610 0.020181 0.994619
1598537934.635888 3.067251 -0.501153 37.610130 -0.012288 0.083191 0.038252 0.995723
1598537935.033109 3.122309 -0.426760 38.115807 -0.023497 0.093724 0.035594 0.994684
1598537935.419477 3.115373 -0.579266 38.698017 0.010164 0.093164 -0.004749 0.995588
1598537935.822103 3.217529 -0.433766 39.210148 -0.003217 0.098933 -0.010242 0.995036
1598537936.190681 3.189524 -0.521791 39.732483 0.031912 0.106884 -0.026011 0.993419
1598537936.592030 3.179415 -0.573988 40.386234 0.010250 0.058248 0.017493 0.998096
1598537936.989240 3.309309 -0.504256 40.831089 -0.012988 0.105436 0.032367 0.993814
1598537937.384381 3.312384 -0.467354 41.389469 -0.016627 0.085930 -0.008474 0.996126
1598537937.790652 3.336222 -0.575197 41.949844 -0.010651 0.086123 0.012648 0.996147
1598537938.188829 3.334341 -0.539761 42.483398 0.005598 0.100403 0.030505 0.994463
1598537938.625988 3.386039 -0.589879 43.039783 0.005132 0.067608 0.023949 0.997411
1598537938.989656 3.473404 -0.643046 43.530777 0.018243 0.089194 0.018899 0.995668
1598537939.387772 3.444754 -0.617693 44.074017 0.010443 0.064891 0.018084 0.997674
1598537939.793607 3.484518 -0.632397 44.634151 0.024579 0.048268 0.016021 0.998403
1598537940.196272 3.529840 -0.641509 45.161140 0.007470 0.049073 0.058053 0.997079
1598537940.597806 3.625951 -0.672501 45.663933 0.012131 0.032025 0.018885 0.999235
1598537940.990406 3.589513 -0.694433 46.207745 0.014570 0.008502 0.007439 0.999830
1598537941.389585 3.593653 -0.672699 46.699135 0.041900 -0.025478 0.018197 0.998631
1598537941.793083 3.667207 -0.721340 47.275608 0.046590 -0.075998 0.032423 0.995491
1598537942.223557 3.743002 -0.782015 47.801968 0.073843 -0.035531 0.009757 0.996589
1598537942.627335 3.735862 -0.766492 48.348366 0.080827 -0.047691 0.017074 0.995440
1598537943.029608 3.723379 -0.776282 48.944897 0.061216 -0.064728 0.031989 0.995510
1598537943.406336 3.762515 -0.698611 49.546501 0.030828 -0.036426 0.009616 0.998814
1598537943.814261 3.852887 -0.732156 50.000935 0.027864 -0.010539 -0.009651 0.999510
1598537944.228198 3.910822 -0.798779 50.666538 0.023677 -0.021412 -0.004591 0.999480
1598537944.617934 3.933456 -0.804598 51.128281 0.037787 -0.021890 0.006512 0.999025
1598537944.982163 4.021835 -0.829917 51.689384 0.026403 -0.016311 0.013782 0.999423
1598537945.379885 4.153520 -0.831160 52.180187 0.033934 0.043401 -0.010548 0.998426
1598537945.791065 4.396256 -0.816773 52.649570 0.017256 0.127429 -0.015103 0.991583
1598537946.212431 4.677779 -0.817741 53.115715 0.005625 0.196841 -0.002897 0.980415
1598537946.588474 4.949224 -0.840119 53.575451 0.033786 0.317449 -0.004209 0.947664
1598537946.993170 5.134545 -0.866710 53.937946 0.036325 0.338432 -0.021138 0.940052
1598537947.397276 5.584637 -0.883636 54.465359 0.018716 0.375830 -0.008299 0.926462
1598537947.783808 6.013513 -0.892141 54.802883 0.008890 0.454197 0.007718 0.890823
1598537948.212532 6.382915 -0.833610 54.927017 0.003628 0.472204 0.011962 0.881401
1598537948.586895 6.976808 -0.912646 55.330765 0.000201 0.526474 -0.003195 0.850185
1598537948.984378 7.390095 -0.928532 55.387375 0.000534 0.531264 0.004018 0.847197
1598537949.384121 7.834106 -0.975383 55.567360 0.014828 0.504286 -0.010242 0.863349
1598537949.792718 8.375747 -1.061358 55.815758 -0.008011 0.525183 0.010668 0.850885
1598537950.225108 8.771944 -1.109689 55.876259 0.006291 0.553576 0.004429 0.832763
1598537950.637083 9.291193 -0.996852 56.050140 -0.003478 0.537018 0.022257 0.843270
1598537951.036917 9.777424 -0.880610 56.208012 -0.004071 0.525852 0.006712 0.850540
1598537951.440656 10.297548 -1.028066 56.391956 0.001109 0.521706 -0.001875 0.853123
1598537951.825047 10.770102 -1.087519 56.609200 0.001688 0.506923 0.011815 0.861909
1598537952.225349 11.277013 -1.008523 56.754593 -0.007332 0.529569 0.029113 0.847736
1598537952.610921 11.653256 -0.980402 56.937801 -0.001136 0.486857 0.026659 0.873074
1598537953.019145 12.259128 -1.046799 57.298664 -0.014697 0.495425 0.019387 0.868310
1598537953.430133 12.684299 -1.085745 57.399330 0.006980 0.506823 0.004105 0.862012
1598537953.829527 13.129196 -1.067241 57.690548 -0.009686 0.433853 0.025473 0.900571
1598537954.220186 13.592235 -1.100172 57.797657 0.012717 0.466850 0.003996 0.884236
1598537954.633027 14.052693 -1.138894 58.024582 0.025976 0.451694 -0.010550 0.891732
1598537955.025738 14.562432 -1.179097 58.407623 0.006738 0.423021 0.024881 0.905753
1598537955.428615 15.091490 -1.112510 58.615772 0.002628 0.458674 0.021936 0.888330
1598537955.821428 15.538116 -1.022053 58.759251 0.010462 0.446471 -0.001442 0.894736
1598537956.239821 16.129128 -1.195000 59.097683 0.017224 0.474939 0.007986 0.879814
1598537956.640599 16.546589 -1.205817 59.175392 0.011615 0.498691 0.014005 0.866589
1598537957.027416 16.994957 -1.197255 59.386280 -0.017437 0.479439 0.035940 0.876665
1598537957.417543 17.539036 -1.164280 59.621655 0.001081 0.542323 0.007828 0.840133
1598537957.809252 17.932331 -1.203938 59.669312 0.010142 0.576802 -0.004803 0.816807
1598537958.202797 18.543360 -1.198063 59.870037 -0.003240 0.606440 0.009644 0.795064
1598537958.608707 19.074844 -1.173319 60.018002 -0.013871 0.657990 0.015236 0.752745
1598537958.991217 19.648369 -1.256981 60.049152 -0.007377 0.684697 0.007474 0.728752
1598537959.383085 20.141884 -1.183722 60.130547 -0.024019 0.674215 0.023287 0.737777
1598537959.804049 20.752232 -1.235795 60.178257 -0.019759 0.713720 0.019225 0.699888
1598537960.208433 21.261669 -1.182131 60.257793 -0.058240 0.679175 0.059336 0.729252
1598537960.587938 21.850201 -1.253014 60.188545 -0.034212 0.687637 0.034766 0.724415
1598537960.993171 22.328278 -1.213228 60.092861 -0.021542 0.701773 0.021827 0.711740
1598537961.393471 22.894201 -1.223575 60.030609 -0.044336 0.682882 0.046268 0.727712
1598537961.803544 23.283531 -1.267264 59.807728 -0.047789 0.702135 0.048162 0.708804
1598537962.206494 23.864355 -1.257536 59.774918 -0.037683 0.711556 0.036909 0.700647
1598537962.608855 24.458979 -1.266159 59.793705 -0.033590 0.727160 0.027525 0.685093
1598537963.008662 25.018845 -1.221959 59.732430 -0.046611 0.776756 0.020474 0.627740
1598537963.417104 25.560621 -1.199884 59.570957 -0.012743 0.823079 -0.021686 0.567370
1598537963.832320 26.024870 -1.165423 59.455608 0.010971 0.865580 -0.048041 0.498340
1598537964.202033 26.502146 -1.153830 59.410069 0.026006 0.889489 -0.076268 0.449796
1598537964.585186 26.950827 -1.117994 59.518959 0.091606 0.867044 -0.123034 0.474032
1598537964.990546 27.503454 -0.996902 59.491505 0.100234 0.840434 -0.108314 0.521433
1598537965.386120 28.039766 -0.986766 59.484425 0.032888 0.779887 -0.039697 0.623794
1598537965.795809 29.029480 -1.418914 59.307659 -0.019717 0.714515 0.019205 0.699078
1598537966.185221 29.519968 -1.579512 59.153057 -0.062138 0.672674 0.057074 0.735113
1598537966.593076 30.024843 -1.562119 59.106888 -0.047392 0.642430 0.034780 0.764087
1598537967.009769 30.403013 -1.341418 59.166515 -0.004730 0.648045 0.002501 0.761583
1598537967.393924 31.006010 -1.294682 59.005306 0.013589 0.659814 -0.012575 0.751201
1598537967.797785 31.431896 -1.228494 58.879501 0.039347 0.643946 -0.039679 0.763028
1598537968.187878 31.977846 -1.160535 58.819912 0.038312 0.628304 -0.038041 0.776093
1598537968.584033 32.431572 -1.090322 58.749611 0.060376 0.620545 -0.064949 0.779140
1598537968.999490 32.878609 -0.957330 58.637211 0.061641 0.559511 -0.096571 0.820866
1598537969.380676 33.438526 -0.875103 58.668259 0.079324 0.544312 -0.110881 0.827730
1598537969.796119 33.929722 -0.791168 58.516895 0.088632 0.580881 -0.111567 0.801420
1598537970.204328 34.438087 -0.652515 58.552631 0.125113 0.592719 -0.143915 0.782509
1598537970.592378 34.781681 -0.659293 58.485771 0.135667 0.698763 -0.134875 0.689299
1598537971.015183 35.273331 -0.572438 58.552460 0.186320 0.761629 -0.177874 0.594616
1598537971.406898 35.891273 -0.607315 58.549873 0.158796 0.834471 -0.155861 0.504133
1598537971.827431 36.912979 -0.505227 58.347305 0.094061 0.887919 -0.089445 0.441308
1598537972.228104 37.846504 -1.139624 57.379913 0.071631 0.849602 -0.061895 0.518859
1598537972.624638 38.780342 -0.935220 57.654308 0.079851 0.759179 -0.085474 0.640285
1598537973.024729 38.439106 -0.730456 58.187782 0.081558 0.710867 -0.081838 0.693772
1598537973.433584 38.833900 -0.616871 58.070038 0.102040 0.723542 -0.101606 0.675094
1598537973.807048 39.468048 -0.519285 58.114681 0.093398 0.758072 -0.090712 0.639042
1598537974.193658 39.864422 -0.465234 58.030140 0.066424 0.790795 -0.066530 0.604818
1598537974.592396 40.349842 -0.375699 57.978989 0.048241 0.772157 -0.042951 0.632140
1598537974.997462 40.714054 -0.237606 57.940083 0.060824 0.782374 -0.046429 0.618090
1598537975.403909 41.333878 -0.199858 57.995094 0.064632 0.751742 -0.054118 0.654048
1598537975.785217 41.929951 -0.193527 57.925892 0.018828 0.756623 -0.008691 0.653522
1598537976.205043 42.351391 -0.004555 57.953926 0.038408 0.786732 -0.019816 0.615780
1598537976.605358 42.729538 0.201350 57.951839 0.041562 0.787813 -0.020063 0.614183
1598537977.005091 43.186031 0.316807 57.896374 0.059956 0.828334 -0.032911 0.556045
1598537977.409029 43.645756 0.412312 57.822544 0.080838 0.894752 -0.018876 0.438779
1598537977.799127 44.537193 0.623911 57.711933 0.105930 0.896915 -0.041114 0.427354
1598537978.199602 45.079235 0.608231 57.674389 0.112553 0.879306 -0.080427 0.455723
1598537978.597404 45.681938 0.734474 57.609066 0.101058 0.830007 -0.095199 0.540197
1598537979.032077 46.076775 0.829470 57.637543 0.106778 0.725527 -0.105778 0.671580
1598537979.415154 46.307274 0.875413 57.836636 0.104324 0.679308 -0.105771 0.718658
1598537979.797419 46.803024 0.923593 57.739944 0.088750 0.683431 -0.088921 0.719123
1598537980.185742 47.324200 1.028134 57.699974 0.081037 0.653671 -0.085995 0.747498
1598537980.583131 47.807190 1.204172 57.617718 0.092434 0.692380 -0.093353 0.709473
1598537980.989990 48.493496 1.558318 57.196747 0.157798 0.702341 -0.156147 0.676339
1598537981.398224 49.100002 1.661941 57.145264 0.128858 0.661441 -0.131342 0.727077
1598537981.790129 49.324570 1.644674 57.434505 0.114513 0.643098 -0.119068 0.747753
1598537982.205356 49.830250 1.719213 57.435490 0.125474 0.637332 -0.137263 0.747812
1598537982.624198 50.611794 1.984115 56.948311 0.106590 0.616913 -0.115710 0.771147
1598537983.023343 50.881054 2.280804 56.578255 0.118003 0.564608 -0.148481 0.803272
1598537983.415004 51.463326 2.016824 56.372524 0.129136 0.538734 -0.176889 0.813511
1598537983.823691 51.937202 2.109168 57.225712 0.108964 0.609386 -0.132187 0.774146
1598537984.232650 52.846088 2.117566 57.338898 0.096366 0.691020 -0.096994 0.709786
1598537984.633765 53.260929 2.271654 57.267323 0.095828 0.741922 -0.093102 0.657040
1598537985.015882 53.732086 2.480319 57.230217 0.117353 0.786406 -0.112739 0.595889
1598537985.409719 54.090462 2.660844 57.111149 0.121973 0.795709 -0.114522 0.582113
1598537985.790955 54.599434 2.779754 56.979679 0.100980 0.794380 -0.091500 0.591939
1598537986.185584 55.264744 2.901899 56.880375 0.065083 0.776399 -0.060770 0.623919
1598537986.598699 55.598824 3.118390 56.861809 0.071740 0.745655 -0.068212 0.658938
1598537987.009547 55.977669 3.138035 56.911007 0.074172 0.740430 -0.072382 0.664096
1598537987.391073 56.579887 3.340670 56.956833 0.092377 0.734198 -0.094525 0.665947
1598537987.829775 57.002354 3.510441 56.949799 0.151272 0.760519 -0.158393 0.611261
1598537988.208398 57.534740 3.535299 56.905315 0.226272 0.823903 -0.220345 0.470566
1598537988.610426 58.258572 3.684947 57.043282 0.249876 0.843766 -0.240652 0.409522
1598537989.017181 58.859676 3.894029 57.206547 0.300347 0.803778 -0.329639 0.393790
1598537989.412696 59.595654 3.882867 56.816177 0.313381 0.758297 -0.366091 0.439039
1598537989.803314 59.594341 4.383681 56.189671 0.266107 0.713316 -0.294608 0.577559
1598537990.186570 59.888844 4.380700 54.759727 0.235017 0.671253 -0.236685 0.661942
1598537990.611459 60.531845 4.189869 54.314373 0.222923 0.654866 -0.220333 0.687684
1598537991.015641 61.094025 4.153928 54.216991 0.218397 0.613069 -0.219431 0.726842
1598537991.392994 61.591213 4.408241 54.117863 0.230153 0.558217 -0.244421 0.758736
1598537991.785758 61.055164 4.007177 54.252628 0.244826 0.613800 -0.257613 0.704944
1598537992.205057 61.371510 4.056246 54.901196 0.262851 0.645657 -0.265942 0.665816
1598537992.587026 62.009941 4.595725 55.402618 0.295080 0.685259 -0.282847 0.602781
1598537993.028148 62.541908 4.939692 55.293736 0.280556 0.712281 -0.267947 0.584934
1598537993.429706 63.072247 5.163107 55.268730 0.274694 0.648864 -0.274906 0.654176
1598537993.800575 63.455685 5.338498 54.992542 0.264621 0.683221 -0.260098 0.628915
1598537994.187926 64.028801 5.533134 54.868168 0.240841 0.726105 -0.229685 0.601674
1598537994.605649 64.503700 5.740607 55.049522 0.253075 0.713726 -0.246806 0.604678
1598537995.027421 64.948883 5.977250 55.013401 0.243055 0.712143 -0.237957 0.614127
1598537995.383989 65.472054 6.239306 55.113003 0.255544 0.692880 -0.252692 0.625109
1598537995.827060 65.978523 6.115964 55.440861 0.279659 0.701567 -0.276645 0.594190
1598537996.230924 66.411255 6.355903 55.453720 0.319826 0.689565 -0.318374 0.566436
1598537996.613656 66.911087 6.610010 55.434410 0.316770 0.670992 -0.317261 0.590569
1598537996.996560 67.289246 6.831414 55.484974 0.349492 0.667142 -0.345853 0.559609
1598537997.395668 67.758026 7.125056 55.457108 0.362965 0.724764 -0.331274 0.482940
1598537997.786297 68.265388 7.349510 55.406242 0.357308 0.742252 -0.317220 0.469855
1598537998.210783 68.747894 7.580134 55.395699 0.394834 0.728682 -0.348152 0.438084
1598537998.587973 69.140846 7.839040 55.351646 0.380114 0.749744 -0.319099 0.437691
1598537998.991917 69.625725 8.081463 55.355610 0.374889 0.739290 -0.319587 0.459099
1598537999.386743 70.108589 8.311983 55.361382 0.358415 0.758657 -0.299429 0.454226
1598537999.792932 70.710892 8.551612 55.246765 0.347455 0.731390 -0.320977 0.491241
1598538000.228722 71.195297 8.695340 55.292370 0.318991 0.732196 -0.296109 0.523882
1598538000.627129 71.552528 9.189220 55.119347 0.302610 0.758938 -0.271887 0.508446
1598538000.992366 72.102211 9.447376 55.129791 0.270997 0.779743 -0.244763 0.508579
1598538001.393893 72.443764 9.681936 55.105652 0.256915 0.827219 -0.200816 0.457578
1598538001.833266 72.963089 9.974767 55.057495 0.256062 0.828884 -0.207229 0.452151
1598538002.229306 73.451851 10.313361 55.047935 0.245602 0.834021 -0.202931 0.450452
1598538002.624398 73.724915 10.611610 55.069641 0.252753 0.854118 -0.172318 0.420600
1598538003.004474 74.111046 10.828602 54.934349 0.250031 0.865699 -0.152263 0.406037
1598538003.394587 74.738716 11.070914 54.951405 0.249066 0.879258 -0.146508 0.378690
1598538003.788400 75.371834 11.604805 55.146183 0.251338 0.824280 -0.190901 0.470052
1598538004.189263 75.894035 11.935442 55.260929 0.257145 0.670690 -0.255908 0.646964
1598538005.043942 76.185219 12.056201 54.765682 0.280720 0.496055 -0.284391 0.770874
1598538005.417770 75.875938 11.819761 55.148445 0.276115 0.602487 -0.283223 0.693221
1598538005.842650 76.348984 12.130451 55.079926 0.267404 0.829996 -0.181950 0.454418
1598538006.237314 76.821579 12.375325 55.137474 0.246909 0.921898 -0.064338 0.291548
1598538006.601979 77.295120 12.498045 55.134800 0.228421 0.961586 -0.010184 0.151895
1598538006.993699 77.813164 12.790138 55.225876 0.217836 0.973887 0.013314 0.062567
1598538007.402177 78.265366 13.020977 55.368958 0.239470 0.967663 -0.019319 0.076871
1598538007.795150 78.583481 13.248919 55.340702 0.276081 0.953166 -0.047915 0.113830
1598538008.219371 79.154976 13.434322 55.654896 0.295183 0.925538 -0.112958 0.208533
1598538008.609850 79.580124 13.679865 55.860302 0.287288 0.889968 -0.167835 0.311857
1598538009.033557 80.070122 13.747437 55.991501 0.287740 0.823504 -0.233958 0.429314
1598538009.431762 80.497375 13.845143 56.190010 0.297994 0.683370 -0.296521 0.596892
1598538009.820067 80.970169 14.053883 56.342102 0.267404 0.606634 -0.259376 0.702292
1598538010.201973 81.478859 14.302084 56.533813 0.284709 0.543520 -0.271205 0.741603
1598538010.625873 81.959450 14.425604 56.591278 0.270442 0.525961 -0.261387 0.762826
1598538011.025784 82.365517 14.787075 56.707008 0.250859 0.512094 -0.240703 0.785425
1598538011.409673 82.914978 14.928125 56.493530 0.223820 0.525000 -0.230704 0.788070
1598538011.798234 83.469238 15.088597 56.826431 0.251460 0.543852 -0.252052 0.759910
1598538012.232925 83.876038 15.499907 56.829735 0.294866 0.541096 -0.293462 0.730855
1598538012.623939 84.363602 15.599724 57.004181 0.322889 0.547075 -0.322030 0.701961
1598538013.010610 84.782104 15.821585 57.023125 0.310532 0.595210 -0.310512 0.672962
1598538013.432068 85.266006 15.994730 57.265774 0.313652 0.584590 -0.317250 0.677665
1598538013.828402 85.660942 16.273634 57.235886 0.311996 0.593245 -0.317400 0.670802
1598538014.189163 86.082550 16.587652 57.175312 0.294720 0.619222 -0.297762 0.664109
1598538014.602280 86.596146 16.783133 57.219669 0.279887 0.685355 -0.274163 0.613829
1598538015.016874 87.167168 16.904572 57.598690 0.278569 0.671609 -0.275948 0.628644
1598538015.446223 87.557449 17.157780 57.537510 0.277160 0.627811 -0.277849 0.672187
1598538015.831602 87.976181 17.378353 57.547112 0.264388 0.615181 -0.266789 0.693163
1598538016.194444 88.454613 17.589123 57.642551 0.264408 0.612536 -0.265529 0.695976
1598538016.592809 88.939529 17.852364 57.842945 0.285639 0.556830 -0.287133 0.725193
1598538017.026007 89.499123 18.076218 57.982048 0.266358 0.466559 -0.253882 0.804314
1598538017.382824 89.869743 18.231812 58.047970 0.226008 0.420669 -0.213238 0.852343
1598538017.868617 90.119354 18.139597 58.337872 0.237860 0.426654 -0.227936 0.842279
1598538018.229331 90.659805 18.482119 58.425804 0.256474 0.521503 -0.260628 0.770927
1598538018.623750 91.334084 18.721006 58.568916 0.294017 0.617112 -0.296832 0.666796
1598538019.030518 92.292702 19.144836 58.248352 0.298423 0.614803 -0.300646 0.665262
1598538019.427995 92.687057 19.337271 58.320984 0.299929 0.588733 -0.302406 0.687013
1598538019.796012 93.420670 19.516876 58.555214 0.302692 0.579435 -0.302821 0.693492
1598538020.197454 93.911835 19.868006 58.563515 0.310283 0.578802 -0.314424 0.685457
1598538020.603243 94.403755 20.232367 58.613388 0.346073 0.611235 -0.346841 0.621552
1598538021.044868 94.761368 20.437632 58.724651 0.352253 0.721133 -0.312827 0.507961
1598538021.442347 95.052811 20.674181 58.836746 0.372020 0.769691 -0.277424 0.438421
1598538021.831336 95.494209 20.955793 58.916523 0.419623 0.755968 -0.300878 0.402369
1598538022.221571 95.697044 21.142210 59.089531 0.419383 0.702081 -0.357502 0.450992
1598538022.625855 96.160477 21.356977 59.295715 0.401225 0.607214 -0.395869 0.559998
1598538023.012160 96.486900 21.290535 59.918228 0.383176 0.537863 -0.384605 0.644949
1598538023.422818 97.014381 21.756262 60.007996 0.349013 0.513981 -0.354116 0.699010
1598538023.801157 97.432487 21.972834 60.158817 0.358151 0.514838 -0.369303 0.685773
1598538024.189131 97.882355 22.297062 60.330418 0.346620 0.542959 -0.358627 0.675601
1598538024.632841 98.210495 22.592176 60.441257 0.360373 0.521313 -0.380632 0.673412
1598538025.029541 98.718445 22.957594 60.567860 0.357383 0.509453 -0.377117 0.685943
1598538025.414782 99.055489 23.211773 60.754864 0.366840 0.518445 -0.380740 0.672071
1598538025.825795 99.571922 23.544617 60.871853 0.355065 0.538370 -0.365694 0.671085
1598538026.204572 99.938019 23.888662 61.035503 0.360014 0.563977 -0.367762 0.645810
1598538026.614305 100.385956 24.157551 61.202896 0.364580 0.555527 -0.371988 0.648148
1598538027.020856 100.716461 24.372204 61.436401 0.382199 0.519077 -0.385462 0.660229
1598538027.428859 101.151161 24.663452 61.602406 0.383381 0.506524 -0.386718 0.668507
1598538027.830205 101.637421 24.979300 61.713627 0.386631 0.503715 -0.389959 0.666873
1598538028.228516 102.089714 25.287769 61.972973 0.375799 0.471761 -0.366353 0.708521
1598538028.625603 102.445007 25.583818 62.061436 0.402696 0.472587 -0.403596 0.672017
1598538028.995108 102.933502 25.956160 62.184830 0.410180 0.459343 -0.412152 0.671481
1598538029.386965 103.396095 26.240618 62.347824 0.383267 0.481927 -0.388980 0.685236
1598538029.809297 104.035393 26.589529 62.106709 0.363147 0.565138 -0.374207 0.639306
1598538030.191712 104.502464 26.817221 62.369957 0.350715 0.633048 -0.343656 0.598457
1598538030.602404 104.851082 27.085472 62.539192 0.362326 0.684926 -0.320256 0.545007
1598538030.991136 105.196815 27.358372 62.772026 0.399229 0.699394 -0.330425 0.492223
1598538031.384783 105.644859 27.806532 62.902435 0.402434 0.769878 -0.263368 0.419490
1598538031.786974 105.960617 28.101316 63.137970 0.407946 0.802435 -0.218951 0.376481
1598538032.201889 106.230293 28.369202 63.372238 0.429528 0.741059 -0.302496 0.418131
1598538032.610811 106.575676 28.711933 63.507847 0.428961 0.629892 -0.396745 0.511686
1598538033.001198 107.092346 28.863697 63.474735 0.414460 0.472909 -0.437370 0.642874
1598538033.389967 107.554840 29.126795 63.685307 0.399628 0.401537 -0.427868 0.704269
1598538033.809547 108.042366 29.362396 64.055191 0.405248 0.345007 -0.417866 0.736297
1598538034.193799 108.526695 29.695841 64.332825 0.436645 0.310123 -0.428832 0.727508
1598538034.602037 108.912453 30.133766 64.776733 0.447657 0.282724 -0.403825 0.746054
1598538035.392765 109.503204 30.958824 65.157356 0.446252 0.329525 -0.464859 0.690057
1598538035.795895 109.924973 31.413046 65.387871 0.422718 0.388592 -0.454848 0.680749
1598538036.194734 110.374405 31.835186 65.585678 0.404933 0.454820 -0.435072 0.663235
1598538036.626144 110.539940 32.156590 65.718918 0.396760 0.472444 -0.429770 0.659299
1598538037.031586 110.817299 32.494980 65.898041 0.391189 0.479239 -0.428650 0.658453
1598538037.415252 111.020607 32.948086 66.087387 0.398955 0.439351 -0.445437 0.670366
1598538037.798790 111.452553 33.343922 66.255852 0.401034 0.491034 -0.436515 0.638366
1598538038.229659 111.723557 33.741070 66.406937 0.354237 0.581516 -0.368776 0.632740
1598538038.624369 111.703598 34.186375 66.642395 0.383535 0.552055 -0.404208 0.620284
1598538039.033833 112.274155 34.546791 66.877296 0.386331 0.530692 -0.414939 0.630032
1598538039.411512 112.592522 34.831299 67.150993 0.390180 0.511813 -0.422030 0.638512
1598538039.812658 112.764717 35.205959 67.420288 0.386888 0.478721 -0.422491 0.665316
1598538040.198170 113.098900 35.581223 67.646774 0.364307 0.514645 -0.394039 0.668696
1598538040.596724 113.571236 36.008255 67.868240 0.345193 0.541915 -0.378290 0.666383
1598538040.983614 113.992096 36.263931 68.061867 0.414539 0.511242 -0.441544 0.609777
1598538041.427392 114.610558 36.500435 67.913300 0.468246 0.455252 -0.492516 0.575256
1598538041.814970 115.428940 36.910332 67.779869 0.521836 0.373635 -0.547686 0.536772
1598538042.221346 115.645538 37.732136 67.760002 0.590217 0.186938 -0.599626 0.507097
1598538042.619920 116.082932 38.192833 67.585663 -0.608993 -0.131586 0.617051 -0.480688
1598538043.024919 116.423363 38.649532 67.489563 0.634069 0.038372 -0.597380 0.489511
1598538043.438805 116.963753 39.292015 67.503822 0.662728 -0.036136 -0.551383 0.505433
1598538043.793380 117.260841 39.815746 67.574013 0.682914 -0.139158 -0.547692 0.462923
1598538044.196428 117.694969 40.350449 67.670761 0.701376 -0.175623 -0.530856 0.442063
1598538044.586203 117.994049 40.882973 67.668968 0.722596 -0.214707 -0.485903 0.442327
1598538044.983289 118.088165 41.209465 67.710579 0.708093 -0.129220 -0.561142 0.408688
1598538045.399497 118.366982 41.668159 68.011215 0.713401 -0.177449 -0.541993 0.407204
1598538045.785261 118.590141 42.011322 68.368896 0.727143 -0.194138 -0.530663 0.389834
1598538046.232731 118.617409 42.414177 68.540588 0.709870 -0.161074 -0.556547 0.400494
1598538046.631597 118.862724 42.807259 69.006622 0.719175 -0.116093 -0.522221 0.443391
1598538047.012930 119.224586 43.355972 69.271408 0.685446 -0.051578 -0.560266 0.462175
1598538047.428813 119.287865 43.650093 69.412537 0.678922 -0.074205 -0.538417 0.493624
1598538047.830018 118.967659 43.388313 70.540161 0.649968 -0.054811 -0.527418 0.544396
1598538048.209848 119.387962 43.001167 71.397186 0.585387 0.043280 -0.531415 0.610775
1598538048.605946 119.400261 43.546150 71.966698 0.535395 0.121953 -0.522624 0.652184
1598538048.988087 119.783920 43.919819 72.467979 0.478859 0.221431 -0.501897 0.685392
1598538049.385177 120.206459 43.733528 72.773239 0.434202 0.305351 -0.479478 0.698806
1598538049.785448 120.246849 44.042019 73.165138 0.442154 0.252208 -0.463752 0.725138
1598538050.196909 120.585457 44.533875 73.525482 0.432756 0.266309 -0.456856 0.730126
1598538050.614615 120.847321 45.009445 73.960258 0.423716 0.268224 -0.440019 0.744919
1598538051.015699 121.125732 44.811424 74.480881 0.398117 0.287416 -0.418877 0.763830
1598538051.414439 121.410805 45.228806 74.771057 0.388795 0.290562 -0.396757 0.779099
1598538051.828897 121.839470 45.693417 75.059685 0.360855 0.325055 -0.395248 0.779681
1598538052.210959 122.028427 46.056923 75.282608 0.359295 0.337288 -0.402344 0.771533
1598538052.601118 122.370117 45.699284 75.905815 0.332769 0.359174 -0.383229 0.783195
1598538052.982087 122.890778 46.186302 76.294586 0.324239 0.352127 -0.376036 0.793393
1598538053.402608 122.942787 46.495529 76.515190 0.325248 0.361337 -0.379646 0.787095
1598538053.811324 123.253296 46.831985 76.744347 0.320164 0.352810 -0.372584 0.796367
1598538054.194185 123.703850 47.270588 77.103958 0.309015 0.368880 -0.378233 0.790808
1598538054.586230 123.740097 47.618271 77.379982 0.325617 0.352631 -0.388537 0.786552
1598538055.012464 124.032448 47.990490 77.585670 0.324399 0.361293 -0.384769 0.784975
1598538055.416906 124.296890 48.248566 77.832588 0.327960 0.357017 -0.381934 0.786834
1598538055.796952 124.542397 48.672653 78.034286 0.358602 0.274564 -0.402598 0.796200
1598538056.187805 124.880867 48.994732 78.304314 0.355838 0.213888 -0.352445 0.838698
1598538056.789331 125.246170 49.481068 78.613274 0.336758 0.116839 -0.270257 0.894373
1598538057.189516 125.509521 49.877102 78.858566 0.349431 0.033907 -0.208219 0.912904
1598538057.582769 125.815529 50.340519 78.975143 0.306758 -0.048515 -0.117731 0.943231
1598538058.000154 125.624596 50.638382 79.015587 0.287691 -0.066719 -0.052441 0.953956
1598538058.397985 126.061699 51.199520 79.552414 0.305111 0.005744 -0.134139 0.942805
1598538058.811267 126.743637 51.418282 79.594627 0.301894 0.173088 -0.306127 0.886108
1598538059.190912 127.269417 51.654572 79.652802 0.267780 0.456635 -0.337646 0.778315
1598538059.588231 127.418915 51.995743 79.408318 0.233651 0.663855 -0.235782 0.670156
1598538059.995305 127.467728 52.575649 79.131790 0.225758 0.769703 -0.144711 0.579353
1598538060.429002 127.851822 53.022160 78.819038 0.171192 0.850828 -0.006552 0.496731
1598538060.822540 128.070236 53.264191 78.606209 0.138012 0.911895 0.103767 0.372335
1598538061.233196 127.806557 53.893749 78.609795 0.142164 0.928338 0.148852 0.309549
1598538061.645766 128.130646 54.041477 78.427505 0.123887 0.940487 0.133462 0.286923
1598538062.051702 128.380997 54.349384 77.900177 0.118493 0.958412 0.151829 0.210602
1598538062.602931 129.001205 54.582996 77.577370 0.160483 0.962770 0.165032 0.141719
1598538062.987483 129.352585 54.858345 77.295341 0.165882 0.966322 0.167354 0.103432
1598538063.409795 129.295181 55.400085 76.860527 0.173368 0.960528 0.162435 0.144724
1598538064.031832 129.645264 55.354382 75.593567 0.160616 0.968616 0.165855 0.092075
1598538064.635108 130.890244 55.011711 74.878784 0.165418 0.973275 0.072436 0.141864
1598538065.033296 131.211395 55.267742 74.506088 0.220634 0.955281 0.025912 0.195162
1598538065.431288 131.637115 55.674278 74.224937 0.248189 0.927282 -0.046538 0.276377
1598538065.807920 131.920471 56.041069 73.925819 0.246202 0.893973 -0.118460 0.355195
1598538066.185158 132.154694 56.456787 73.661263 0.286045 0.875255 -0.135010 0.365895
1598538066.602492 132.263077 56.670021 73.428093 0.323840 0.843493 -0.190632 0.383805
1598538066.994095 132.592331 56.989315 73.118027 0.332174 0.828388 -0.211549 0.398348
1598538067.389394 132.856400 57.357140 72.771904 0.317447 0.857022 -0.172149 0.367568
1598538067.825868 133.049881 57.698360 72.508125 0.318698 0.840947 -0.194905 0.391474
1598538068.390033 133.610886 58.315079 71.911919 0.323766 0.844221 -0.176683 0.388907
1598538068.804240 133.631897 58.537838 71.644516 0.316778 0.848113 -0.156795 0.394679
1598538069.190736 134.042557 58.816540 71.374283 0.320861 0.795374 -0.233104 0.458358
1598538069.604593 134.244858 59.113445 71.083855 0.346574 0.705616 -0.314391 0.532119
1598538070.194359 134.613708 59.777264 70.699013 0.410570 0.550533 -0.414704 0.596964
1598538070.592888 134.832260 60.154854 70.454323 0.416156 0.566250 -0.416749 0.576624
1598538071.191951 135.952072 60.689201 69.406349 0.412983 0.621603 -0.406336 0.527206
1598538071.823883 136.092590 61.150051 68.915581 0.408172 0.709349 -0.355159 0.451754
1598538072.427881 136.673828 61.819141 68.148811 0.397311 0.761749 -0.315663 0.402788
1598538073.022654 136.796326 62.328236 67.620766 0.405678 0.767361 -0.307460 0.389936
1598538073.626130 137.205658 62.961536 67.204185 0.422023 0.776663 -0.299141 0.359451
1598538074.237880 137.581238 63.704178 66.469971 0.406486 0.820347 -0.238432 0.323961
1598538074.825722 137.910553 64.331398 66.159592 0.411712 0.858857 -0.155681 0.261956
1598538075.216263 137.978378 64.708542 66.026688 0.393830 0.882195 -0.050788 0.253084
1598538075.812334 139.313065 65.227905 65.623497 0.332842 0.912476 0.197706 0.132348
1598538076.227640 140.051514 65.406281 65.661499 0.295829 0.901657 0.313753 0.032534
1598538076.813265 141.266052 65.802544 65.720932 0.250183 0.895372 0.367735 -0.022099
1598538077.226167 141.365067 66.219749 65.335541 0.245973 0.896800 0.367218 -0.019933
1598538078.018655 141.020172 66.525246 64.830086 0.221865 0.880107 0.417867 -0.039684
1598538078.625576 141.343414 66.980614 64.512344 0.162139 0.864621 0.461436 -0.114967
1598538079.213637 141.087570 68.032806 63.659554 0.149767 0.845654 0.507839 -0.067370
1598538079.808942 140.784286 68.009552 63.062790 0.187211 0.840434 0.503476 0.071660
1598538080.220562 140.822952 68.351730 63.322556 0.205607 0.832146 0.489777 0.159302
1598538080.835513 141.106705 69.222488 63.908581 0.231272 0.837070 0.411671 0.276321
1598538081.209539 141.478546 69.810760 63.999352 0.236674 0.852909 0.295841 0.359181
1598538081.605532 141.623779 70.123009 63.677834 0.240078 0.848183 0.261411 0.393208
1598538081.986565 141.760681 70.511086 63.464699 0.256500 0.844228 0.183268 0.433474
1598538082.390496 141.998642 71.162910 63.311359 0.231264 0.842453 0.174464 0.454260
1598538082.796866 142.361282 71.411797 63.532612 0.212271 0.848622 0.194905 0.443615
1598538083.199961 142.650314 71.846313 63.138813 0.236173 0.838782 0.134122 0.471888
1598538083.596020 143.043365 72.028259 63.033604 0.217632 0.843155 0.198304 0.449891
1598538083.984443 143.312012 72.431000 62.946571 0.218537 0.845530 0.190866 0.448208
1598538084.386518 143.527328 72.690987 62.618099 0.201417 0.849978 0.192607 0.447070
1598538084.809459 143.720764 73.037155 62.314655 0.179459 0.853944 0.263530 0.411249
1598538085.196697 143.892380 73.522423 62.448517 0.206367 0.852781 0.274332 0.393598
1598538085.588112 144.300430 73.766899 61.830151 0.202719 0.840111 0.220460 0.452235
1598538085.997230 144.484695 74.041283 61.674248 0.181813 0.841980 0.238441 0.448509
1598538086.408557 144.580597 74.485199 61.492950 0.185243 0.838487 0.206622 0.468970
1598538086.786744 144.693314 74.878006 61.323547 0.159909 0.844042 0.238809 0.452762
1598538087.212059 144.716446 75.245407 61.107098 0.116825 0.851620 0.301648 0.412435
1598538087.595702 144.999908 75.495926 60.868843 0.122713 0.845877 0.316267 0.411593
1598538088.003252 145.334366 75.834572 60.591717 0.130339 0.839885 0.326897 0.413210
1598538088.391688 145.605164 76.219826 60.302143 0.140649 0.839676 0.301070 0.429557
1598538088.791961 145.864807 76.599037 60.115025 0.148856 0.841596 0.253595 0.453042
1598538089.192654 145.898376 76.893295 59.863197 0.155733 0.837653 0.285783 0.438649
1598538089.609303 146.234924 77.223549 59.645355 0.189872 0.827445 0.247810 0.466770
1598538090.021718 146.603577 77.662109 59.390732 0.180042 0.832831 0.204702 0.481741
1598538090.421294 146.720093 77.832191 58.988693 0.145403 0.844608 0.270850 0.438332
1598538090.814584 146.960892 78.259262 58.718590 0.152108 0.849610 0.263784 0.430631
1598538091.205969 147.282516 78.517654 58.470047 0.135294 0.842291 0.289088 0.434361
1598538091.594167 147.555664 78.774452 58.182354 0.127297 0.833783 0.273501 0.462384
1598538091.991435 147.921555 79.171219 57.979736 0.118272 0.827467 0.206034 0.508783
1598538092.831129 148.496078 79.790291 57.554070 0.152494 0.840625 0.227277 0.467376
1598538093.184761 148.688217 80.202995 57.153515 0.145364 0.844763 0.254706 0.447627
1598538093.592643 148.792358 80.290855 56.865166 0.092719 0.851578 0.364526 0.365157
1598538093.995967 149.404633 80.514030 56.433483 0.110562 0.849678 0.356403 0.372559
1598538094.402370 149.718750 81.257477 55.974918 0.127318 0.848002 0.331797 0.393182
1598538094.808022 149.865021 81.688271 55.674904 0.150540 0.846201 0.319053 0.399357
1598538095.208154 150.006927 82.004692 55.457676 0.177858 0.831216 0.335305 0.406223
1598538095.596846 150.371918 82.337883 55.183178 0.189280 0.836922 0.299459 0.417203
1598538096.189363 150.594727 82.851974 54.778854 0.185381 0.844296 0.331264 0.378236
1598538096.606606 150.980286 83.053612 54.333496 0.162829 0.846705 0.338173 0.377116
1598538096.985052 150.917587 83.471848 54.196571 0.174802 0.845491 0.369727 0.343353
1598538097.397102 151.122452 83.638130 53.858246 0.177676 0.825086 0.415154 0.339577
1598538097.990885 151.748154 84.425827 53.306213 0.212052 0.831207 0.349883 0.376446
1598538098.419181 151.924347 84.679489 52.969948 0.200418 0.833344 0.351625 0.376471
1598538098.798534 151.938980 85.073700 52.638519 0.202519 0.834132 0.340498 0.383758
1598538099.186715 152.142059 85.295746 52.328148 0.209285 0.820553 0.377573 0.374609
1598538099.586544 152.270325 85.717018 52.203247 0.274671 0.811041 0.315745 0.408746
1598538099.998887 152.367599 86.865074 52.319683 0.318227 0.817269 0.142372 0.458839
1598538100.600537 152.689514 87.352921 51.894600 0.312170 0.818414 0.149505 0.458690
1598538100.990434 152.982193 87.704346 51.333721 0.297104 0.817740 0.208287 0.446819
1598538101.399805 153.529724 87.546959 50.843872 0.214224 0.816960 0.393372 0.363239
1598538101.801534 153.412003 87.443451 50.373100 0.172943 0.809949 0.464616 0.313378
1598538102.803191 153.665131 87.970627 50.427048 0.209642 0.797962 0.460637 0.327293
1598538103.192335 153.986618 88.454247 49.984554 0.247075 0.813759 0.312854 0.422933
1598538103.599146 154.149628 90.123230 49.381962 0.231520 0.817934 0.323836 0.415346
1598538103.992447 154.099609 90.433952 49.134197 0.231625 0.815918 0.357485 0.390938
1598538104.393094 154.164871 89.721359 49.121128 0.238671 0.815988 0.314275 0.422411
1598538104.786635 154.230560 90.037178 48.933887 0.264115 0.798418 0.315904 0.439291
1598538105.190973 154.356537 90.479790 48.836342 0.334194 0.775050 0.289508 0.451439
1598538105.593521 154.542999 90.957802 48.444580 0.358437 0.775732 0.150949 0.496968
1598538106.013723 154.826324 91.320862 48.135056 0.330704 0.777097 0.056270 0.532531
1598538106.637592 155.221222 91.877518 47.667938 0.291979 0.787306 0.135132 0.525963
1598538107.032010 155.180161 92.184227 47.246685 0.250173 0.782353 0.308883 0.479509
1598538107.416955 155.410736 92.519241 46.802017 0.217602 0.779073 0.370182 0.456794
1598538107.812393 155.896606 92.994789 46.971352 0.186210 0.772415 0.466783 0.388348
1598538108.216303 156.058502 93.542801 46.550236 0.204866 0.766418 0.482296 0.371516
1598538108.814338 156.287643 94.421021 46.208969 0.277537 0.758452 0.421284 0.412606
1598538109.225529 156.386353 94.776955 45.793087 0.264686 0.765130 0.410389 0.419641
1598538109.633603 156.355545 94.973068 45.477283 0.277812 0.774768 0.367505 0.433007
1598538110.046546 156.570190 95.327049 45.118855 0.296421 0.753712 0.408459 0.420968
1598538110.434427 156.752975 95.704025 44.732170 0.279982 0.758090 0.422673 0.410191
1598538110.813985 157.035599 96.194695 44.282429 0.257867 0.778668 0.390244 0.418199
1598538111.208346 157.059509 96.508163 43.987667 0.239427 0.772374 0.444665 0.385209
1598538111.616290 157.190430 96.931610 43.680206 0.243693 0.775819 0.443746 0.376573
1598538111.986707 157.292084 97.263069 43.265667 0.227745 0.787804 0.432040 0.375284
1598538112.394593 157.423508 97.511581 43.143223 0.178775 0.787741 0.489685 0.328196
1598538112.799531 157.484009 97.918884 42.609062 0.177323 0.783562 0.514658 0.299523
1598538113.397636 157.690109 98.538330 42.176460 0.224567 0.768925 0.503393 0.323912
1598538113.787999 157.750732 99.018234 41.905903 0.278685 0.763551 0.432824 0.389855
1598538114.189490 157.977478 100.208870 41.316051 0.290746 0.754187 0.403982 0.428331
1598538114.595695 157.972565 100.205307 42.260983 0.254589 0.749461 0.474347 0.385340
1598538115.001507 158.213837 100.553734 41.665142 0.221026 0.738149 0.529138 0.355382
1598538115.384542 158.373093 100.742912 41.199322 0.120973 0.741493 0.600738 0.273254
1598538115.806939 158.380005 100.951851 40.930481 0.031694 0.744900 0.653714 0.129528
1598538116.418225 158.583267 100.770012 39.994606 -0.060193 0.739750 0.667428 0.060720
1598538116.824780 158.591080 100.547829 39.478336 -0.129555 0.734941 0.665239 -0.023107
1598538117.212432 158.694183 100.185875 38.907112 -0.192995 0.739053 0.640120 -0.082463
1598538117.853173 158.761887 99.788849 38.260056 -0.232377 0.739947 0.620275 -0.117210
1598538118.421355 158.725174 99.339981 37.601635 -0.230605 0.751141 0.604851 -0.129476
1598538118.846302 158.730286 99.029747 37.198177 -0.252240 0.745439 0.601149 -0.138979
1598538119.430537 158.729126 98.548630 36.579494 -0.228907 0.754095 0.600613 -0.134927
1598538120.023151 158.805023 98.144745 36.006630 -0.202116 0.758881 0.598700 -0.157506
1598538120.406397 158.920975 97.690109 35.436863 -0.216160 0.749677 0.605395 -0.157340
1598538121.004316 158.997131 97.448059 34.660862 -0.288050 0.735807 0.592178 -0.157926
1598538121.393621 159.042953 97.184929 34.389347 -0.354025 0.734844 0.545862 -0.191587
1598538121.815733 158.434891 96.324677 33.737865 -0.389108 0.690652 0.569712 -0.216848
1598538122.202041 159.144211 95.773979 32.774155 -0.402155 0.674987 0.577414 -0.221938
1598538122.667454 159.020782 95.891930 33.393578 -0.371018 0.728966 0.529124 -0.225792
1598538123.026342 158.960037 95.361214 32.862095 -0.355751 0.747015 0.518982 -0.214633
1598538123.389788 158.942795 95.576080 32.481571 -0.355883 0.766954 0.466844 -0.259202
1598538123.787996 159.002823 95.363190 32.081745 -0.332259 0.787775 0.426743 -0.294797
1598538124.207054 159.140854 94.782814 31.482630 -0.355066 0.761088 0.471569 -0.268878
1598538124.604972 159.174667 94.598412 31.077921 -0.372947 0.764236 0.451535 -0.270132
1598538125.230768 159.163757 94.238113 30.474346 -0.347724 0.777666 0.455671 -0.258238
1598538125.600368 159.132248 94.267838 30.103966 -0.336373 0.807046 0.387533 -0.292142
1598538125.991184 158.985275 93.388847 29.794048 -0.257487 0.805434 0.458705 -0.273069
1598538126.409220 159.261475 93.439034 29.088593 -0.237543 0.765020 0.566253 -0.194102
1598538126.788776 159.303238 93.315445 28.681658 -0.268037 0.736771 0.602228 -0.150488
1598538127.200842 159.220825 93.128372 28.372972 -0.259736 0.751006 0.587089 -0.154446
1598538127.815595 159.496368 92.708076 27.673676 -0.290339 0.715770 0.610394 -0.175487
1598538128.192298 159.382339 92.430908 27.288637 -0.290809 0.709613 0.613540 -0.188276
1598538128.595317 159.541092 92.115776 26.853907 -0.315512 0.687065 0.621357 -0.205693
1598538128.998449 159.570435 91.892189 26.487524 -0.369526 0.651566 0.617562 -0.239854
1598538129.396637 159.611359 91.676834 26.113359 -0.395790 0.688135 0.542091 -0.275603
1598538129.792497 159.606598 91.339607 25.603519 -0.364173 0.717912 0.511329 -0.300870
1598538130.215876 159.549942 91.203743 25.288525 -0.380065 0.752392 0.418426 -0.338197
1598538130.794351 159.480881 89.619492 24.236137 -0.341744 0.782213 0.415914 -0.313639
1598538131.207416 159.449860 89.348419 23.845848 -0.272282 0.736841 0.578490 -0.219720
1598538131.614215 159.663910 89.061531 23.376553 -0.173438 0.713191 0.671362 -0.102721
1598538132.231345 159.860657 89.165329 23.159378 -0.141648 0.706997 0.692830 -0.008789
1598538132.794238 159.786392 88.713951 22.640850 -0.129348 0.717402 0.683872 0.030372
1598538133.214340 159.875931 88.443336 22.175003 -0.108394 0.741607 0.661666 0.021636
1598538133.616897 159.861359 88.155617 21.801397 -0.104271 0.747921 0.653882 0.046691
1598538133.995256 160.019073 87.823959 21.242641 -0.127496 0.752457 0.639554 0.092322
1598538134.398508 160.119965 88.380028 20.699821 -0.227061 0.769690 0.589386 0.092977
1598538134.842758 158.730942 87.005882 20.331921 -0.201899 0.800573 0.552922 0.112231
1598538135.429928 158.969437 85.882103 19.444969 -0.082719 0.832801 0.526368 0.150126
1598538136.022973 158.850662 85.313660 18.978218 0.012277 0.841182 0.527479 0.118440
1598538136.632230 158.860123 85.663139 18.825781 -0.029804 0.769188 0.626681 0.121379
1598538137.235415 158.974167 85.296509 18.386087 -0.028246 0.766209 0.618637 0.171507
1598538138.430355 158.921600 84.464493 17.238554 -0.145209 0.779703 0.609067 0.003883
1598538139.029335 159.579285 83.911255 16.303883 -0.242973 0.758583 0.600037 -0.073976
1598538139.395269 159.618439 83.639595 16.009855 -0.265372 0.755680 0.590743 -0.097711
1598538140.022194 159.708878 83.221504 15.341029 -0.286544 0.731140 0.610119 -0.105271
1598538140.428906 159.767776 82.988411 14.889687 -0.276084 0.732977 0.614459 -0.094673
1598538140.820724 159.819397 82.777519 14.485773 -0.243962 0.742196 0.620835 -0.064742
1598538141.228178 159.779694 82.458687 14.038573 -0.260904 0.746014 0.607554 -0.079188
1598538141.832012 160.136337 82.164474 13.592898 -0.273416 0.753884 0.586929 -0.111430
1598538142.188739 160.079651 81.910522 13.139848 -0.296835 0.752994 0.566581 -0.154515
1598538142.598385 160.494141 81.361847 12.474767 -0.367118 0.722639 0.551667 -0.196676
1598538143.238314 160.347260 80.961502 11.969989 -0.341881 0.724807 0.569085 -0.184158
1598538143.630704 160.499100 80.768768 11.417072 -0.299393 0.745158 0.570698 -0.171486
1598538144.017361 160.494965 80.417664 10.963708 -0.293711 0.732514 0.595471 -0.150240
1598538144.417450 160.524292 80.206680 10.553829 -0.289919 0.753893 0.557467 -0.191892
1598538145.034363 160.494980 79.766861 9.975348 -0.242860 0.774952 0.563212 -0.152514
1598538145.428463 160.567322 79.498283 9.636379 -0.227275 0.789689 0.547369 -0.158509
1598538146.031911 160.543243 79.077827 8.850690 -0.234998 0.787257 0.559755 -0.108061
1598538146.426653 160.770645 78.962799 8.632011 -0.246281 0.752966 0.605315 -0.077335
1598538146.830212 160.844513 78.611794 8.446094 -0.271778 0.718861 0.635207 -0.076730
1598538147.189566 160.969086 78.384567 7.984529 -0.261728 0.718383 0.641939 -0.057776
1598538147.790976 161.124329 77.934700 7.322278 -0.296353 0.703062 0.644853 -0.045204
1598538148.221384 161.100342 77.581764 6.933250 -0.307150 0.688133 0.656714 -0.029312
1598538148.634307 161.376480 77.316467 6.465785 -0.308460 0.706237 0.636528 -0.030234
1598538149.018744 161.394958 76.940788 6.118355 -0.334320 0.702040 0.628327 -0.023972
1598538149.426001 161.400360 76.503876 5.680278 -0.300214 0.714682