1598542470.655269 0.007989 -0.000000 0.492122 0.000000 0.004131 0.000000 0.999991
1598542471.019523 0.005976 0.004004 1.051985 0.000443 0.016198 0.001308 0.999868
1598542471.431325 0.049264 -0.018148 1.595388 -0.000026 0.034424 0.000253 0.999407
1598542471.792379 0.075805 -0.008682 2.140152 -0.000293 0.035780 -0.000499 0.999360
1598542472.192778 0.117505 -0.013207 2.705170 0.002270 0.034290 0.000572 0.999409
1598542472.590996 0.150689 -0.012239 3.263366 -0.000421 0.032531 0.006007 0.999453
1598542473.008631 0.186875 0.009708 3.818209 -0.006551 0.039373 0.002539 0.999200
1598542473.415825 0.253151 -0.016167 4.381013 -0.005962 0.039271 0.004421 0.999201
1598542473.791247 0.280786 -0.021387 4.848037 -0.004145 0.036158 0.005273 0.999324
1598542474.608037 0.307332 -0.034810 5.223202 -0.003885 0.028310 0.005331 0.999577
1598542475.419995 0.310498 -0.035797 5.653376 -0.004753 -0.001451 0.001151 0.999987
1598542476.245404 0.308681 -0.039109 6.035948 -0.003883 -0.030949 0.003555 0.999507
1598542477.000446 0.274667 -0.042220 6.404909 -0.001602 -0.060614 0.003081 0.998155
1598542477.818488 0.260734 -0.047799 6.991847 -0.004212 -0.023908 0.013407 0.999615
1598542478.618235 0.273124 -0.051291 7.347676 -0.001863 0.138605 0.002160 0.990344
1598542479.424804 0.368159 -0.051838 7.902300 -0.002334 0.064170 -0.000589 0.997936
1598542480.221240 0.417873 -0.069674 8.489789 0.000122 -0.017421 -0.002777 0.999844
1598542480.624290 0.399296 -0.066997 8.798798 -0.002150 -0.065235 -0.000695 0.997867
1598542481.392036 0.323864 -0.067309 9.294943 -0.001278 -0.155229 0.002980 0.987873
1598542482.248907 0.170859 -0.062287 9.746071 0.003761 -0.244607 0.005845 0.969597
1598542483.028289 -0.097739 -0.104048 10.229470 0.007655 -0.280200 0.006980 0.959886
1598542483.838267 -0.402651 -0.075331 10.722924 0.011015 -0.208032 0.007787 0.978029
1598542484.220798 -0.475125 -0.116501 11.016188 0.009999 -0.133946 0.010924 0.990878
1598542485.019901 -0.532826 -0.107435 11.337634 0.011197 0.016960 -0.003440 0.999788
1598542485.803087 -0.493509 -0.107913 11.797453 0.014630 0.172876 -0.008312 0.984800
1598542486.594210 -0.321812 -0.106271 12.363674 0.010321 0.142565 -0.005921 0.989714
1598542487.420601 -0.142596 -0.099328 12.985852 0.008067 0.144728 -0.003983 0.989431
1598542487.820841 -0.016023 -0.089537 13.493292 0.004720 0.106211 -0.003102 0.994328
1598542488.209426 0.096463 -0.116148 14.059934 0.004192 0.065431 0.000770 0.997848
1598542488.581958 0.164919 -0.119754 14.623486 0.005508 0.039258 0.000777 0.999214
1598542489.016067 0.236336 -0.111597 15.172276 0.004587 0.036753 0.001492 0.999313
1598542489.385332 0.276379 -0.126928 15.719001 0.004288 0.033827 0.004851 0.999407
1598542489.799334 0.322708 -0.159132 16.287430 0.006007 0.034205 0.006798 0.999374
1598542490.200197 0.367392 -0.147393 16.822908 0.002691 0.035289 0.002406 0.999371
1598542490.585009 0.389481 -0.145230 17.369555 0.002580 0.031426 -0.002630 0.999499
1598542491.008613 0.420450 -0.126385 17.930073 0.001853 0.029606 0.000777 0.999560
1598542491.394585 0.465197 -0.145764 18.467920 0.003459 0.029857 -0.000722 0.999548
1598542491.789351 0.482798 -0.122453 19.036760 0.004596 0.025990 0.001408 0.999651
1598542492.182343 0.513673 -0.108306 19.580694 0.006116 0.025484 0.000371 0.999656
1598542492.591307 0.535996 -0.115465 20.125555 0.007172 0.021962 -0.002438 0.999730
1598542492.987342 0.551168 -0.126118 20.689558 0.010227 0.018124 0.004568 0.999773
1598542493.384607 0.571907 -0.130901 21.250229 0.012444 0.015371 0.005634 0.999789
1598542493.784755 0.580569 -0.116875 21.762566 0.010193 0.013251 -0.016291 0.999728
1598542494.182219 0.598037 -0.161313 22.358959 0.013879 0.011568 0.000934 0.999836
1598542494.595066 0.606482 -0.166458 22.907541 0.014733 0.007293 0.004284 0.999856
1598542494.990797 0.615016 -0.170890 23.459431 0.013428 0.002807 0.004822 0.999894
1598542495.394601 0.615642 -0.187109 24.007938 0.014055 0.000843 0.004575 0.999890
1598542495.797192 0.610825 -0.195218 24.570456 0.015631 -0.004840 0.002051 0.999864
1598542496.179570 0.607874 -0.190489 25.124390 0.013916 -0.009020 0.001924 0.999861
1598542496.618553 0.596936 -0.189276 25.678947 0.011010 -0.012686 0.002621 0.999855
1598542497.021741 0.592513 -0.196166 26.246321 0.010753 -0.014906 0.006849 0.999808
1598542497.386555 0.578307 -0.190521 26.796072 0.011612 -0.008670 0.005862 0.999878
1598542497.781629 0.586642 -0.199651 27.342428 0.011368 0.010978 0.000274 0.999875
1598542498.201510 0.591894 -0.184958 27.882591 0.009292 0.018666 -0.001023 0.999782
1598542498.595249 0.603827 -0.201746 28.439379 0.008398 0.024131 0.000224 0.999674
1598542498.979573 0.627829 -0.214177 28.991360 0.007479 0.022829 -0.000402 0.999711
1598542499.414929 0.644347 -0.222736 29.554230 0.007308 0.021300 0.002879 0.999742
1598542499.809207 0.672720 -0.224388 30.110929 0.007927 0.019057 -0.000499 0.999787
1598542500.183320 0.699586 -0.237034 30.659840 0.007552 0.015977 0.003266 0.999839
1598542500.585942 0.712710 -0.235887 31.207211 0.006398 0.013962 0.002530 0.999879
1598542501.017346 0.715655 -0.230758 31.760935 0.005663 0.010399 0.003011 0.999925
1598542501.427845 0.736181 -0.232794 32.313892 0.003257 0.008122 0.002802 0.999958
1598542501.828555 0.745075 -0.249898 32.871937 0.003109 0.005707 0.004678 0.999968
1598542502.211098 0.754910 -0.260449 33.431271 0.003475 0.001787 0.005825 0.999975
1598542502.593287 0.756439 -0.274713 33.974255 0.001938 0.000138 0.008298 0.999964
1598542503.010149 0.744658 -0.282064 34.549263 0.001069 -0.003190 0.019355 0.999807
1598542503.400979 0.754640 -0.312789 35.104477 0.001094 -0.003904 0.011776 0.999922
1598542503.788079 0.734253 -0.315542 35.658924 0.002411 -0.005699 0.011952 0.999909
1598542504.181301 0.737326 -0.317942 36.192589 0.003874 -0.008614 0.006080 0.999937
1598542504.596788 0.733952 -0.324736 36.746830 0.003620 -0.010136 0.004356 0.999933
1598542505.006399 0.708531 -0.333980 37.292637 0.003076 -0.012239 0.008581 0.999884
1598542505.393108 0.702133 -0.359889 37.845024 0.004954 -0.014800 0.008147 0.999845
1598542505.791345 0.698150 -0.361683 38.407383 0.003654 -0.016992 0.009916 0.999800
1598542506.197459 0.677578 -0.361587 38.943691 0.001909 -0.021186 0.006992 0.999749
1598542506.620790 0.655321 -0.363719 39.504318 0.001765 -0.022828 0.006775 0.999715
1598542507.012463 0.628307 -0.366252 40.057178 0.001580 -0.026445 0.009236 0.999606
1598542507.418326 0.603654 -0.391132 40.620041 0.001276 -0.027746 0.010226 0.999562
1598542507.836951 0.553476 -0.401524 41.172527 0.005356 -0.007388 0.006853 0.999935
1598542508.217000 0.559078 -0.430672 41.740189 0.007566 0.005346 0.007880 0.999926
1598542508.617825 0.574748 -0.410054 42.280205 0.004503 0.012315 0.008004 0.999882
1598542509.020926 0.590809 -0.433551 42.835968 0.006509 0.009400 0.008542 0.999898
1598542509.405200 0.579448 -0.449476 43.389313 0.007049 0.007614 0.009441 0.999902
1598542509.800703 0.591303 -0.463949 43.952339 0.005930 0.004258 0.006518 0.999952
1598542510.189537 0.590121 -0.476447 44.504330 0.005153 -0.006581 0.009241 0.999922
1598542510.623064 0.581673 -0.482388 45.038792 0.004768 -0.025788 0.008144 0.999623
1598542511.009279 0.549022 -0.493818 45.608078 0.000051 -0.065828 0.013195 0.997744
1598542511.410250 0.466924 -0.489759 46.155464 -0.001733 -0.078793 0.011847 0.996819
1598542511.825675 0.383736 -0.510402 46.700848 -0.001197 -0.080542 0.014480 0.996645
1598542512.201186 0.299349 -0.509458 47.238949 -0.001219 -0.083436 0.009374 0.996468
1598542512.596199 0.202152 -0.547769 47.796101 -0.002865 -0.090991 0.016278 0.995715
1598542512.991332 0.083974 -0.561582 48.328552 -0.002734 -0.127288 0.012218 0.991787
1598542513.389095 -0.052933 -0.565147 48.845707 -0.003787 -0.156789 0.006455 0.987604
1598542513.790298 -0.215878 -0.577840 49.325554 -0.016121 -0.222001 0.005638 0.974897
1598542514.232275 -0.455869 -0.635601 49.774868 -0.017974 -0.310388 -0.010532 0.950382
1598542514.618859 -0.676876 -0.630366 50.088871 -0.013005 -0.389593 0.001490 0.920894
1598542515.413396 -1.055283 -0.631912 50.426582 -0.019731 -0.536757 -0.018641 0.843300
1598542516.210686 -1.601692 -0.600781 50.577942 -0.018171 -0.652759 -0.018209 0.757129
1598542516.585051 -1.899700 -0.597256 50.646519 -0.018112 -0.699836 -0.018130 0.713844
1598542516.997576 -2.215505 -0.596067 50.664040 -0.018921 -0.738372 -0.018803 0.673865
1598542517.816544 -2.813141 -0.588859 50.696541 -0.016949 -0.733728 -0.017368 0.679010
1598542518.623302 -3.394361 -0.597367 50.632504 -0.018381 -0.721159 -0.018718 0.692273
1598542519.026409 -3.721886 -0.574857 50.621159 -0.009662 -0.719093 -0.010171 0.694772
1598542519.780551 -4.267401 -0.586227 50.643814 -0.016246 -0.674608 -0.015812 0.737828
1598542520.587659 -4.864189 -0.578371 50.692932 -0.019413 -0.677981 -0.019002 0.734577
1598542520.982698 -5.164644 -0.569097 50.710426 -0.016978 -0.679445 -0.016188 0.733351
1598542521.803555 -5.854923 -0.563682 50.785870 -0.015698 -0.685413 -0.015021 0.727831
1598542522.179823 -6.413327 -0.554086 50.875237 -0.012256 -0.650859 -0.009504 0.759040
1598542522.595023 -6.946995 -0.573157 50.945656 -0.011202 -0.625904 -0.007676 0.779782
1598542522.996583 -7.484458 -0.577131 51.051327 -0.018275 -0.620460 -0.014563 0.783890
1598542523.378787 -8.009410 -0.581426 51.155678 -0.008936 -0.624954 -0.003710 0.780601
1598542524.182861 -8.589671 -0.572733 51.211510 -0.015414 -0.685788 -0.014631 0.727491
1598542525.027038 -9.187714 -0.586901 51.242577 -0.011805 -0.744882 -0.013494 0.666955
1598542525.783330 -9.783109 -0.587857 51.152046 -0.013111 -0.800177 -0.016893 0.599383
1598542526.592450 -10.482596 -0.593692 50.909786 -0.020399 -0.850515 -0.021722 0.525106
1598542526.989650 -10.961095 -0.590901 50.692818 -0.016747 -0.860655 -0.017507 0.508612
1598542527.392242 -11.477978 -0.588904 50.405704 0.014073 0.872072 0.017237 -0.488871
1598542527.788551 -11.946031 -0.573402 50.101143 0.015133 0.887335 0.015816 -0.460606
1598542528.182970 -12.409789 -0.562790 49.789906 0.014091 0.900056 0.016469 -0.435235
1598542528.595728 -12.765603 -0.545104 49.477146 0.016559 0.919524 0.017704 -0.392286
1598542528.985406 -12.989447 -0.536820 49.267418 0.018678 0.939307 0.016629 -0.342165
1598542529.789724 -13.301443 -0.501464 48.822781 0.022946 0.968843 0.014815 -0.246166
1598542530.177268 -13.427973 -0.503542 48.547161 0.022647 0.980148 0.010837 -0.196671
1598542531.030772 -13.545474 -0.504681 48.123188 0.024359 0.999220 0.001378 -0.031043
1598542531.822652 -13.528535 -0.461045 47.585270 0.019822 0.987859 -0.008793 0.153835
1598542532.641374 -13.364549 -0.453494 47.099594 0.018550 0.943245 -0.016800 0.331153
1598542533.428899 -13.070041 -0.456485 46.580051 0.019390 0.943271 -0.017678 0.330984
1598542533.805508 -12.928749 -0.422856 46.255939 0.017669 0.968129 -0.014511 0.249406
1598542534.188892 -12.771238 -0.404180 45.859604 0.013492 0.985855 -0.012042 0.166623
1598542534.602763 -12.655806 -0.436933 45.435669 0.010015 0.996481 -0.007409 0.082889
1598542534.999228 -12.580672 -0.386029 44.980858 0.015716 0.999826 -0.007950 0.006113
1598542535.408814 -12.573867 -0.393768 44.514778 0.011909 0.998772 -0.006209 -0.047684
1598542535.789948 -12.574434 -0.374049 43.973148 0.019768 0.998055 -0.008661 -0.058478
1598542536.187276 -12.646821 -0.343061 43.421875 0.021019 0.997419 -0.009020 -0.068066
1598542536.607667 -12.706333 -0.288505 42.871723 0.014613 0.996950 -0.007205 -0.076321
1598542536.989436 -12.801914 -0.293705 42.311066 0.015716 0.996059 -0.004108 -0.087198
1598542537.387191 -12.939300 -0.290912 41.772552 0.012205 0.993500 -0.002826 -0.113143
1598542537.801374 -13.053331 -0.278925 41.228893 0.009334 0.991771 -0.000600 -0.127684
1598542538.193397 -13.191913 -0.277759 40.707405 0.006481 0.991887 -0.002338 -0.126934
1598542538.600181 -13.350238 -0.322563 40.146484 0.003175 0.993789 -0.001568 -0.111229
1598542538.988208 -13.443951 -0.273633 39.598503 0.004756 0.994164 -0.002628 -0.107747
1598542539.403054 -13.547109 -0.270927 39.073006 0.003777 0.994338 -0.003248 -0.106145
1598542539.778482 -13.671778 -0.270021 38.534477 0.004553 0.994372 -0.004388 -0.105760
1598542540.190063 -13.800032 -0.282275 37.975349 0.002411 0.994560 -0.003382 -0.104082
1598542540.588743 -13.912552 -0.270534 37.441460 0.001148 0.994809 -0.004225 -0.101666
1598542540.995670 -14.037543 -0.259306 36.908070 0.002396 0.994771 -0.000963 -0.102102
1598542541.377241 -14.142525 -0.237463 36.359791 0.001833 0.995090 -0.000165 -0.098953
1598542541.793177 -14.263316 -0.257904 35.810913 0.001607 0.995246 -0.001327 -0.097367
1598542542.191842 -14.365073 -0.247710 35.266438 0.003798 0.995604 -0.000768 -0.093578
1598542542.579042 -14.487813 -0.255659 34.726032 0.004542 0.995647 -0.000676 -0.093090
1598542542.980290 -14.596619 -0.264261 34.181934 0.002647 0.995773 -0.001137 -0.091800
1598542543.378319 -14.705550 -0.261468 33.624931 0.004666 0.995881 -0.000149 -0.090544
1598542543.778231 -14.797895 -0.253570 33.094208 0.004898 0.995940 0.001063 -0.089884
1598542544.181382 -14.912542 -0.238508 32.537273 0.007066 0.996192 0.006513 -0.086659
1598542544.579189 -14.980042 -0.259708 32.008408 0.003540 0.997137 0.008227 -0.075079
1598542544.984571 -15.049780 -0.235298 31.461388 0.002474 0.998562 0.001945 -0.053516
1598542545.397730 -15.087105 -0.235582 30.941780 0.008293 0.999708 -0.001896 -0.022607
1598542545.813389 -15.120623 -0.253136 30.357759 0.004752 0.999915 0.004296 0.011344
1598542546.183075 -15.126001 -0.226896 29.807379 0.009781 0.999878 0.001282 0.012090
1598542546.597511 -15.127392 -0.201850 29.261112 0.008526 0.999870 -0.002157 0.013540
1598542546.980059 -15.125446 -0.204470 28.701429 0.005252 0.999914 -0.004594 0.011123
1598542547.401648 -15.112002 -0.195626 28.147314 0.002411 0.999964 -0.002852 0.007581
1598542547.798279 -15.100339 -0.173421 27.594889 0.007215 0.999951 0.000695 0.006707
1598542548.224504 -15.132928 -0.195972 27.020554 0.006557 0.999952 -0.001762 -0.007090
1598542548.619707 -15.148168 -0.199731 26.466694 0.006633 0.999817 0.001232 -0.017917
1598542549.026233 -15.172658 -0.213229 25.911247 0.006984 0.999381 -0.001906 -0.034418
1598542549.417405 -15.216566 -0.209421 25.377708 0.006693 0.998766 -0.001969 -0.049174
1598542549.820279 -15.257607 -0.209173 24.815704 0.005402 0.998890 -0.002740 -0.046704
1598542550.212201 -15.315413 -0.190014 24.254826 0.005469 0.998868 -0.000527 -0.047243
1598542550.620061 -15.367702 -0.158754 23.719341 0.005276 0.998914 -0.000739 -0.046296
1598542551.015614 -15.410128 -0.156890 23.162840 0.005164 0.999041 0.001144 -0.043473
1598542551.398263 -15.455388 -0.149419 22.617329 0.009142 0.999130 0.000283 -0.040688
1598542551.775587 -15.497102 -0.148750 22.075409 0.003605 0.999102 -0.002395 -0.042154
1598542552.179348 -15.554857 -0.142213 21.494528 0.001546 0.999220 -0.004149 -0.039243
1598542552.586735 -15.593399 -0.134668 20.966597 0.006173 0.999158 -0.005295 -0.040219
1598542552.986684 -15.642581 -0.134062 20.406425 0.007638 0.999250 0.000013 -0.037957
1598542553.401015 -15.695126 -0.156044 19.892294 0.003600 0.999253 0.000037 -0.038479
1598542553.825701 -15.741447 -0.140681 19.345980 0.006988 0.999055 0.001512 -0.042882
1598542554.226276 -15.782395 -0.112831 18.794615 0.005570 0.999191 -0.000849 -0.039816
1598542554.616741 -15.830646 -0.098251 18.250050 0.003913 0.999252 -0.001712 -0.038433
1598542555.016869 -15.893355 -0.121615 17.687004 0.004723 0.999273 0.002850 -0.037726
1598542555.404325 -15.930946 -0.105078 17.144522 0.008059 0.999290 0.001076 -0.036779
1598542555.814211 -15.968349 -0.081143 16.595690 0.010636 0.999287 -0.003906 -0.036008
1598542556.222039 -16.011969 -0.073812 16.050472 0.010223 0.999247 -0.007632 -0.036645
1598542556.601288 -16.050562 -0.073782 15.486151 0.002571 0.999468 -0.006231 -0.031900
1598542557.029975 -16.091715 -0.062627 14.938285 0.003597 0.999554 -0.005024 -0.029200
1598542557.421170 -16.121729 -0.064595 14.396326 0.006674 0.999620 -0.004219 -0.026418
1598542557.817525 -16.154188 -0.079037 13.838470 0.003021 0.999591 -0.006025 -0.027780
1598542558.220332 -16.181391 -0.055273 13.306273 0.011453 0.999616 -0.007342 -0.024156
1598542558.616108 -16.203468 -0.064791 12.752707 0.006702 0.999941 -0.007082 -0.004883
1598542559.017867 -16.199083 -0.064372 12.201241 0.002750 0.999786 -0.005954 0.019640
1598542559.413179 -16.191395 -0.070139 11.631204 0.004908 0.998945 0.000722 0.045657
1598542559.825144 -16.135504 -0.056222 11.090954 0.005934 0.997611 0.001671 0.068809
1598542560.211822 -16.058409 -0.038671 10.534661 0.008039 0.995958 0.005385 0.089294
1598542560.614587 -16.034409 -0.034876 9.968588 0.009866 0.998698 0.006330 0.049650
1598542561.001979 -15.977798 -0.006239 9.437961 0.006481 0.999967 0.004757 -0.001273
1598542561.436399 -15.988678 -0.014099 8.892863 0.006638 0.999954 0.003796 -0.005778
1598542561.846923 -15.982038 -0.000026 8.333983 0.012122 0.999917 0.002780 -0.003399
1598542562.208996 -15.981550 -0.014254 7.769472 0.007446 0.999970 0.001476 -0.001567
1598542562.612389 -15.982289 -0.006669 7.220700 0.006233 0.999977 0.002504 -0.000337
1598542563.022698 -15.992524 0.007397 6.668423 0.002945 0.999994 0.001334 -0.001100
1598542563.405034 -15.988490 0.025301 6.107829 0.001253 0.999994 0.003100 0.000590
1598542563.813758 -15.980436 0.027554 5.541723 -0.000440 0.999986 0.004990 0.001882
1598542564.212564 -16.022894 0.017571 4.979518 -0.001933 0.999994 0.002642 0.000829
1598542564.616887 -15.978221 0.034099 4.445436 0.003469 0.999956 -0.008409 0.002136
1598542565.007250 -15.980490 0.018168 3.858511 -0.008151 0.999935 -0.005514 0.005700
1598542565.424661 -15.977468 0.022393 3.321108 -0.003927 0.999954 -0.005356 0.006861
1598542565.795284 -15.892921 0.009245 2.752725 -0.003262 0.998883 -0.004217 0.046947
1598542566.204588 -15.887746 -0.020939 2.187714 -0.010823 0.997817 -0.002356 0.065111
1598542566.611399 -15.815578 -0.029245 1.655420 -0.007153 0.996698 -0.001174 0.080873
1598542567.028663 -15.727614 -0.038477 1.111251 -0.007789 0.995077 0.001887 0.098783
1598542567.400924 -15.658381 -0.037392 0.549990 -0.007993 0.995229 0.004375 0.097144
1598542567.828732 -15.546479 -0.047340 -0.004989 -0.018335 0.995198 0.004974 0.096017
1598542568.211139 -15.433773 -0.064179 -0.544008 -0.018562 0.995111 0.001103 0.097001
1598542568.596390 -15.336704 -0.075401 -1.011418 0.021016 0.992287 -0.006407 0.121999
1598542568.986489 -15.157420 -0.067441 -1.597776 -0.000554 0.987112 0.002119 0.160017
1598542569.393347 -14.954683 -0.057396 -2.067641 0.008035 0.978147 -0.007706 0.207618
1598542569.784830 -14.766582 -0.054829 -2.638793 -0.003381 0.970256 0.001779 0.242049
1598542570.183166 -14.485552 -0.051117 -3.044625 0.018763 0.960343 -0.007969 0.278074
1598542570.602942 -14.163985 -0.071531 -3.579163 -0.031567 0.941590 0.018561 0.334765
1598542570.979016 -13.819082 -0.067958 -3.955946 -0.009497 0.934237 -0.007953 0.356436
1598542571.383928 -13.489041 -0.110155 -4.357434 0.020169 0.930959 -0.025079 0.363704
1598542571.802197 -13.106408 -0.101659 -4.702885 0.020460 0.927515 -0.023472 0.372487
1598542572.185876 -12.738078 -0.027025 -5.113618 0.022316 0.901288 -0.014447 0.432404
1598542572.588469 -12.314204 -0.038095 -5.449584 0.036957 0.879403 -0.024771 0.473994
1598542573.014193 -11.810022 0.008906 -5.782368 0.002884 0.864827 -0.010184 0.501959
1598542573.383494 -11.350798 -0.003589 -6.051579 0.015031 0.848164 -0.016423 0.529265
1598542573.782698 -10.850189 -0.002728 -6.282411 0.010906 0.829970 -0.013857 0.557530
1598542574.185730 -10.320000 -0.023864 -6.500698 0.008113 0.822036 -0.011202 0.569268
1598542574.587497 -9.829611 -0.001006 -6.660197 0.010045 0.805462 -0.012858 0.592422
1598542574.978827 -9.311460 -0.017365 -6.804317 0.013292 0.773087 -0.015161 0.633980
1598542575.396513 -8.771440 -0.017218 -6.902983 0.012526 0.742149 -0.013045 0.669991
1598542575.782953 -8.232661 0.002421 -6.954755 0.014033 0.709984 -0.014060 0.703937
1598542576.194744 -7.639219 -0.007365 -6.980689 0.009323 0.686786 -0.008855 0.726746
1598542576.609658 -7.138236 -0.047932 -6.916393 0.007649 0.641481 -0.005046 0.767084
1598542577.033093 -6.540793 -0.021676 -6.831285 0.007058 0.622856 -0.003899 0.782295
1598542577.438758 -6.030674 -0.040387 -6.713933 0.011056 0.621261 -0.007677 0.783488
1598542577.812266 -5.489898 -0.043703 -6.586721 0.011241 0.617622 -0.006383 0.786369
1598542578.215008 -4.931688 -0.055532 -6.472232 0.010361 0.618499 -0.007923 0.785677
1598542578.598786 -4.470506 -0.042001 -6.326085 0.011835 0.592459 -0.009551 0.805457
1598542578.999635 -3.938062 0.029590 -6.120253 0.004717 0.534313 0.000632 0.845273
1598542579.410117 -3.425764 -0.063658 -5.898545 0.001617 0.481564 0.006930 0.876382
1598542579.812178 -2.975058 -0.044897 -5.580004 0.007682 0.412754 0.002790 0.910806
1598542580.239866 -2.581989 -0.075447 -5.214142 0.007267 0.369217 -0.007261 0.929286
1598542580.630711 -2.216105 -0.063601 -4.805309 0.012562 0.329673 -0.011392 0.943943
1598542581.016977 -1.881766 -0.057634 -4.369079 0.018377 0.287488 -0.014132 0.957504
1598542581.402027 -1.599269 -0.058586 -3.892378 0.012245 0.231768 -0.004952 0.972682
1598542581.819669 -1.380317 -0.041794 -3.389551 0.010915 0.156802 0.004842 0.987558
1598542582.224972 -1.190741 -0.068048 -2.850414 0.013420 0.111553 -0.012377 0.993591
1598542582.593860 -1.041745 -0.051795 -2.338138 0.013878 0.111096 -0.007088 0.993687
1598542583.029529 -0.933021 -0.046276 -1.804649 0.015756 0.108398 -0.004407 0.993973
1598542583.378425 -0.810309 -0.030312 -1.256648 0.013642 0.104901 -0.006475 0.994368
1598542583.797711 -0.716763 -0.046022 -0.737538 0.012761 0.087394 -0.006037 0.996074
1598542584.190509 -0.626072 -0.041517 -0.189353 0.012322 0.079144 -0.004589 0.996777
1598542584.614560 -0.521768 -0.053933 0.358972 0.011017 0.076156 -0.004650 0.997024
1598542585.014064 -0.445456 -0.053926 0.904212 0.007651 0.072060 -0.003165 0.997366
1598542585.418394 -0.350291 -0.048760 1.438280 0.005921 0.069316 -0.002285 0.997575
1598542585.818064 -0.290964 -0.039857 1.995125 0.006131 0.067307 -0.002604 0.997710
1598542586.228877 -0.216034 -0.024999 2.543159 0.004535 0.065181 0.000875 0.997863
1598542586.630919 -0.145750 -0.013592 3.071378 0.006630 0.060976 -0.003602 0.998111
1598542586.991942 -0.072427 0.019647 3.610066 0.003804 0.058043 -0.012612 0.998227
1598542587.420712 -0.007977 0.007825 4.174274 0.003217 0.055079 -0.000589 0.998477
1598542587.823098 0.071268 -0.032382 4.719201 0.003449 0.053401 0.001319 0.998566
1598542588.231000 0.128545 -0.037918 5.273038 0.003255 0.050354 0.000990 0.998726
1598542588.616689 0.181435 -0.057441 5.828429 0.002633 0.046486 0.002686 0.998912
1598542589.013640 0.228344 -0.072661 6.365812 0.002470 0.043963 0.001774 0.999029
1598542589.415772 0.285194 -0.081965 6.908457 0.001805 0.041848 0.002877 0.999118
1598542589.827504 0.344087 -0.075365 7.456752 0.003488 0.040287 -0.001835 0.999180
1598542590.191437 0.375214 -0.059373 7.978779 0.000554 0.028360 -0.000554 0.999597
1598542590.630333 0.381834 -0.075380 8.580132 0.003619 -0.015324 -0.003380 0.999870
1598542591.020014 0.383065 -0.071433 9.113548 0.003714 -0.010416 0.002057 0.999937
1598542591.399135 0.365851 -0.081082 9.664281 0.004897 -0.008480 0.003065 0.999947
1598542591.804236 0.368700 -0.085767 10.225082 0.005713 0.003070 0.001638 0.999978
1598542592.211541 0.366640 -0.100188 10.757921 0.005101 0.006265 -0.000531 0.999967
1598542592.620541 0.375425 -0.092796 11.298800 0.004360 0.003410 -0.000627 0.999984
1598542593.014937 0.372663 -0.095685 11.848120 0.003824 0.000527 0.000010 0.999993
1598542593.398875 0.380795 -0.105914 12.402448 0.003233 -0.002216 -0.001383 0.999991
1598542593.820917 0.372461 -0.102017 12.954902 0.003543 -0.004629 0.001077 0.999982
1598542594.195887 0.368986 -0.118037 13.494770 0.004551 -0.007629 -0.001162 0.999960
1598542594.611728 0.360271 -0.091251 14.061395 0.005310 -0.011040 -0.001080 0.999924
1598542595.033981 0.340362 -0.104893 14.608371 0.005690 -0.014819 -0.000659 0.999874
1598542595.412570 0.319793 -0.115892 15.155571 0.005744 -0.019008 0.000976 0.999802
1598542595.842850 0.321493 -0.127764 15.718125 0.005731 -0.005997 0.002623 0.999962
1598542596.222253 0.333883 -0.166712 16.273872 0.008354 0.010800 0.008443 0.999871
1598542596.622124 0.350238 -0.165207 16.806021 0.003947 0.021896 0.002109 0.999750
1598542596.988782 0.330918 -0.144062 17.354113 0.004774 0.015632 -0.004755 0.999855
1598542597.394634 0.338573 -0.123578 17.898180 0.005810 0.012566 -0.001402 0.999903
1598542597.779351 0.410530 -0.116274 18.466875 0.007955 0.042905 -0.004907 0.999035
1598542598.193297 0.433631 -0.087538 18.983749 0.006861 0.042874 -0.004296 0.999048
1598542598.592009 0.468251 -0.097287 19.528465 0.008579 0.039896 -0.002556 0.999164
1598542598.990910 0.506149 -0.107396 20.068029 0.012138 0.038476 -0.002139 0.999184
1598542599.400719 0.539638 -0.125129 20.638855 0.015859 0.035417 0.001184 0.999246
1598542599.812621 0.580361 -0.156120 21.183670 0.016913 0.032108 0.002779 0.999337
1598542600.220801 0.611644 -0.124284 21.683329 0.020086 0.029823 -0.016504 0.999217
1598542600.628636 0.652855 -0.149764 22.254610 0.016945 0.025065 -0.004158 0.999534
1598542600.999639 0.675209 -0.164145 22.816385 0.016892 0.020861 0.000994 0.999639
1598542601.414718 0.699301 -0.157338 23.377083 0.014753 0.018475 0.002877 0.999716
1598542601.822499 0.715656 -0.166165 23.928297 0.014425 0.024259 0.002026 0.999600
1598542602.216738 0.760014 -0.167802 24.457573 0.016736 0.031130 -0.001116 0.999375
1598542602.617184 0.780453 -0.166148 25.021421 0.013270 0.037568 -0.003308 0.999200
1598542603.010287 0.820111 -0.167713 25.566528 0.010326 0.036560 -0.001914 0.999276
1598542603.387293 0.856903 -0.167648 26.118887 0.008456 0.033180 -0.000372 0.999414
1598542603.799643 0.896990 -0.177966 26.665293 0.008270 0.030235 0.002549 0.999505
1598542604.200291 0.925800 -0.169095 27.207712 0.006095 0.026290 -0.000636 0.999636
1598542604.587384 0.970137 -0.187288 27.765770 0.005395 0.023819 0.000581 0.999702
1598542605.007072 0.993483 -0.187096 28.302467 0.005567 0.020074 0.000874 0.999783
1598542605.411441 1.017468 -0.191203 28.842659 0.005259 0.016799 -0.001448 0.999844
1598542605.777475 1.038695 -0.189050 29.392435 0.004575 0.012929 -0.000504 0.999906
1598542606.196617 1.052450 -0.201261 29.946814 0.005263 0.010387 -0.001971 0.999930
1598542606.588550 1.072320 -0.200856 30.507767 0.004044 0.007623 0.002294 0.999960
1598542606.984990 1.063455 -0.194743 31.047052 0.004090 0.004311 0.001154 0.999982
1598542607.380933 1.074068 -0.209736 31.609348 0.002200 0.001162 0.000930 0.999996
1598542607.782049 1.072394 -0.224463 32.151802 0.001375 -0.001657 0.003009 0.999993
1598542608.224503 1.066535 -0.232748 32.693356 0.001228 -0.004159 0.002681 0.999987
1598542608.626397 1.060841 -0.232006 33.250717 0.000021 -0.007233 0.006196 0.999955
1598542609.036433 1.065881 -0.247310 33.791824 -0.001331 -0.007125 0.007899 0.999943
1598542609.418888 1.054884 -0.235102 34.346848 -0.002973 -0.001423 0.012924 0.999911
1598542609.819889 1.059979 -0.204917 34.857758 -0.005274 -0.002024 -0.004806 0.999972
1598542610.217348 1.104593 -0.250095 35.473499 -0.023553 0.004556 0.024752 0.999406
1598542610.625213 1.073933 -0.304051 35.997673 -0.003792 -0.001086 0.016376 0.999858
1598542611.031670 1.083584 -0.303161 36.542980 -0.002934 -0.002629 0.006847 0.999969
1598542611.404529 1.072688 -0.315068 37.077057 -0.000071 -0.004583 0.008025 0.999957
1598542611.841419 1.053869 -0.334076 37.631874 -0.000217 -0.027090 0.009493 0.999588
1598542612.206434 1.029190 -0.337997 38.182812 -0.000026 -0.029216 0.010056 0.999523
1598542612.593137 0.992480 -0.349753 38.729473 -0.001301 -0.022104 0.011375 0.999690
1598542612.975986 0.979830 -0.367128 39.277802 -0.001178 -0.004204 0.009137 0.999949
1598542613.392007 0.979177 -0.380850 39.830425 -0.000381 0.014527 0.011154 0.999832
1598542613.791707 1.008895 -0.375995 40.376148 0.001039 0.021935 0.008590 0.999722
1598542614.201551 1.019197 -0.387490 40.930920 0.001932 0.016285 0.008882 0.999826
1598542614.620096 1.046148 -0.393285 41.478821 0.000309 0.012985 0.006188 0.999896
1598542615.026983 1.056781 -0.404246 42.017330 -0.000910 0.010985 0.002161 0.999937
1598542615.399858 1.076261 -0.415921 42.573879 0.000942 0.019697 0.007841 0.999775
1598542615.810938 1.096745 -0.413569 43.132347 0.001614 0.024916 0.009860 0.999640
1598542616.228722 1.113523 -0.441264 43.673134 0.000059 0.031263 0.006505 0.999490
1598542616.608220 1.151441 -0.436883 44.225365 -0.000785 0.036068 0.007721 0.999319
1598542616.977998 1.198211 -0.453262 44.782513 -0.002392 0.033037 0.009641 0.999405
1598542617.382589 1.232670 -0.471262 45.311131 -0.003296 0.014856 0.011705 0.999816
1598542617.779564 1.238320 -0.491623 45.857021 -0.002914 -0.034094 0.010812 0.999356
1598542618.209235 1.184326 -0.514565 46.409313 -0.003518 -0.103642 0.013909 0.994511
1598542618.612890 1.052280 -0.535104 46.941982 -0.004127 -0.159642 0.013307 0.987077
1598542619.009842 0.866572 -0.538378 47.466980 -0.000040 -0.211522 0.017370 0.977219
1598542619.413382 0.628663 -0.545020 47.963814 -0.001347 -0.263335 0.014787 0.964590
1598542619.828430 0.345035 -0.573820 48.412399 -0.005398 -0.325769 0.005861 0.945416
1598542620.212283 -0.014271 -0.583045 48.860306 -0.004022 -0.386106 0.009589 0.922396
1598542620.609054 -0.388182 -0.607916 49.231155 -0.021302 -0.438921 -0.012954 0.898180
1598542621.002861 -0.839518 -0.620336 49.588467 -0.015533 -0.488553 -0.008879 0.872351
1598542621.427837 -1.301934 -0.614317 49.855949 -0.021886 -0.534060 -0.019466 0.844939
1598542621.817492 -1.821281 -0.591329 50.066593 -0.018667 -0.573771 -0.016343 0.818640
1598542622.228330 -2.333686 -0.587087 50.248756 -0.017834 -0.592268 -0.016324 0.805378
1598542622.617554 -2.867187 -0.581563 50.390961 -0.014818 -0.626225 -0.013003 0.779393
1598542623.010850 -3.423092 -0.601080 50.544186 -0.015828 -0.646757 -0.014190 0.762399
1598542623.407392 -3.955809 -0.584748 50.621883 -0.009375 -0.661037 -0.007831 0.750254
1598542623.814921 -4.517795 -0.594632 50.724346 -0.018535 -0.667655 -0.017521 0.744034
1598542624.211598 -5.052718 -0.584853 50.773510 -0.020165 -0.668661 -0.019275 0.743044
1598542624.621806 -5.601231 -0.601470 50.840160 -0.015824 -0.670570 -0.014357 0.741538
1598542625.020761 -6.147975 -0.621080 50.897175 -0.012714 -0.670479 -0.010799 0.741741
1598542625.423352 -6.694420 -0.611777 50.929695 -0.014172 -0.677860 -0.012741 0.734944
1598542625.808162 -7.238016 -0.588577 50.996002 -0.015910 -0.681803 -0.014688 0.731215
1598542626.227334 -7.783381 -0.598863 51.039951 -0.015919 -0.682155 -0.014704 0.730886
1598542626.629456 -8.334085 -0.581314 51.073139 -0.015427 -0.683674 -0.014347 0.729483
1598542627.032415 -8.879807 -0.578482 51.107944 -0.014985 -0.683463 -0.013965 0.729698
1598542627.419385 -9.421903 -0.594713 51.142685 -0.011439 -0.685295 -0.010608 0.728098
1598542627.807704 -9.979806 -0.607735 51.118423 -0.005387 -0.712219 -0.005711 0.701913
1598542628.204855 -10.491010 -0.593499 51.125431 -0.016280 -0.761484 -0.018487 0.647716
1598542628.607284 -10.954644 -0.609998 51.049034 -0.017354 -0.811352 -0.020118 0.583953
1598542629.010018 -11.423138 -0.627765 50.895370 -0.016945 -0.857206 -0.020127 0.514302
1598542629.416025 -11.807527 -0.588481 50.676342 0.019508 0.897781 0.020811 -0.439518
1598542629.800527 -12.170363 -0.561395 50.412563 0.021782 0.932525 0.019008 -0.359947
1598542630.201632 -12.502969 -0.577650 50.018925 0.016287 0.960068 0.015257 -0.278875
1598542630.617168 -12.713659 -0.560561 49.564556 0.020329 0.976542 0.013099 -0.213963
1598542631.040631 -12.941972 -0.532574 49.036011 0.022027 0.985891 0.008453 -0.165717
1598542631.386973 -13.183661 -0.519612 48.547131 0.022898 0.985854 0.009980 -0.165732
1598542631.778492 -13.371971 -0.519901 48.026421 0.021573 0.986009 0.009786 -0.165001
1598542632.174455 -13.562237 -0.501229 47.502548 0.018644 0.986454 0.007370 -0.162806
1598542632.581268 -13.734435 -0.480769 46.972832 0.016799 0.986872 0.008087 -0.160425
1598542632.979175 -13.891950 -0.458371 46.494308 0.017559 0.986954 0.010815 -0.159677
1598542633.380837 -14.026020 -0.427407 45.951229 0.016180 0.990720 0.006656 -0.134792
1598542633.778790 -14.167264 -0.391393 45.416534 0.014206 0.995141 0.000604 -0.097432
1598542634.178610 -14.276923 -0.398224 44.889008 0.016915 0.998156 -0.002144 -0.058260
1598542634.592536 -14.378678 -0.402036 44.314453 0.016732 0.998696 -0.000357 -0.048238
1598542635.011010 -14.421281 -0.386585 43.807190 0.021388 0.998808 -0.000462 -0.043867
1598542635.398763 -14.446326 -0.355985 43.224155 0.015226 0.999830 -0.003034 -0.009963
1598542635.812091 -14.463396 -0.337187 42.682590 0.013053 0.999844 -0.000441 0.011864
1598542636.184202 -14.440635 -0.327795 42.130650 0.004896 0.999482 0.000483 0.031792
1598542636.593004 -14.442187 -0.324834 41.560219 0.008878 0.999091 0.000860 0.041680
1598542636.988595 -14.395701 -0.323948 41.038628 0.014058 0.998998 -0.000494 0.042481
1598542637.384074 -14.399185 -0.306536 40.461384 0.008468 0.999438 -0.000950 0.032417
1598542637.784626 -14.418164 -0.285704 39.924103 0.002254 0.999861 -0.003412 -0.016157
1598542638.175275 -14.414255 -0.273532 39.395050 0.004545 0.998555 0.000751 -0.053549
1598542638.575847 -14.516659 -0.308080 38.838589 0.003795 0.994845 0.002573 -0.101302
1598542639.005386 -14.607913 -0.307823 38.309635 0.008975 0.989563 0.004302 -0.143758
1598542639.374749 -14.736284 -0.281513 37.807549 0.004173 0.986503 -0.000894 -0.163685
1598542639.789100 -14.899155 -0.284318 37.249569 -0.000223 0.988262 -0.001222 -0.152764
1598542640.177667 -15.085113 -0.296741 36.760513 0.010486 0.988201 0.002011 -0.152793
1598542640.574325 -15.195475 -0.290241 36.232445 0.001017 0.992352 -0.002308 -0.123413
1598542640.977282 -15.326952 -0.290880 35.694035 0.002623 0.996858 0.001420 -0.079150
1598542641.383056 -15.411845 -0.295307 35.151642 0.004741 0.999221 -0.000340 -0.039177
1598542641.785213 -15.454289 -0.284819 34.580414 0.003591 0.999946 -0.004031 -0.008894
1598542642.186464 -15.486324 -0.305800 34.032471 0.003227 0.999966 -0.005163 -0.005536
1598542642.606436 -15.504698 -0.314584 33.467201 0.004012 0.999891 -0.010922 -0.009040
1598542642.978256 -15.478489 -0.277094 32.951946 0.008727 0.999812 -0.016134 -0.006249
1598542643.386347 -15.491096 -0.273097 32.376740 0.008353 0.999851 -0.015043 0.001132
1598542643.776125 -15.478704 -0.231132 31.906410 0.022946 0.999250 -0.031008 0.003280
1598542644.194144 -15.443950 -0.262439 31.344357 0.010455 0.999539 -0.021660 0.018512
1598542644.577989 -15.438162 -0.214297 30.766851 0.004374 0.999544 -0.021014 0.021228
1598542644.979096 -15.441309 -0.225109 30.214911 0.007183 0.999759 -0.016833 0.012094
1598542645.386127 -15.472965 -0.225209 29.657375 0.007451 0.999570 -0.015708 -0.023625
1598542645.781124 -15.517541 -0.233562 29.094450 0.005225 0.998004 -0.013839 -0.061390
1598542646.178777 -15.612073 -0.234440 28.547230 -0.001649 0.995631 -0.004606 -0.093242
1598542646.614485 -15.647114 -0.240740 28.056293 0.005701 0.995594 -0.011398 -0.092900
1598542647.015043 -15.751006 -0.222645 27.484060 0.001068 0.996737 -0.009283 -0.080179
1598542647.411870 -15.845286 -0.227378 26.930605 0.000971 0.997450 -0.002817 -0.071305
1598542647.814868 -15.920196 -0.217398 26.394426 0.005994 0.998007 0.001779 -0.062788
1598542648.212290 -15.986211 -0.213007 25.859692 0.006452 0.998158 0.001608 -0.060307
1598542648.586166 -16.043184 -0.196253 25.326376 0.008175 0.998383 0.002384 -0.056197
1598542649.006292 -16.131409 -0.195955 24.755320 0.007372 0.998740 0.003614 -0.049504
1598542649.381500 -16.175060 -0.185903 24.206720 0.011686 0.998718 -0.000484 -0.049257
1598542649.790277 -16.225691 -0.201399 23.653320 0.007570 0.999106 0.000367 -0.041599
1598542650.177544 -16.273731 -0.193987 23.091347 0.005707 0.999248 -0.001011 -0.038338
1598542650.583757 -16.329714 -0.184867 22.553484 0.009373 0.999334 -0.000588 -0.035262
1598542650.976819 -16.368294 -0.172740 22.006269 0.006688 0.999428 0.001774 -0.033093
1598542651.388732 -16.402037 -0.151050 21.461361 0.010794 0.999471 0.001417 -0.030640
1598542651.778950 -16.431065 -0.144842 20.891371 0.002935 0.999564 0.002467 -0.029278
1598542652.185515 -16.475052 -0.148002 20.351562 0.005631 0.999587 0.004559 -0.027802
1598542652.597505 -16.511435 -0.141568 19.813545 0.012276 0.999590 0.007632 -0.024732
1598542653.014470 -16.530722 -0.139982 19.263323 0.007794 0.999683 0.005374 -0.023308
1598542653.413661 -16.586725 -0.135180 18.710461 0.007995 0.999702 0.006292 -0.022172
1598542653.823608 -16.606314 -0.129802 18.153057 0.005693 0.999743 0.007161 -0.020728
1598542654.215550 -16.622454 -0.111928 17.606091 0.006642 0.999754 0.004411 -0.020702
1598542654.621697 -16.654377 -0.129867 17.062561 0.009134 0.999766 0.003135 -0.019381
1598542655.015764 -16.671671 -0.115351 16.511705 0.007224 0.999819 0.003572 -0.017230
1598542655.450142 -16.700888 -0.114945 15.971010 0.002031 0.999934 0.009057 0.006771
1598542655.823126 -16.684933 -0.105683 15.415069 0.001091 0.999551 0.008434 0.028716
1598542656.217332 -16.640463 -0.084128 14.876887 0.005894 0.999536 0.006485 0.029181
1598542656.608444 -16.604935 -0.070499 14.329102 0.011358 0.999447 0.002714 0.031133
1598542657.031155 -16.581026 -0.077156 13.770014 0.005740 0.999418 -0.000095 0.033623
1598542657.412742 -16.548296 -0.063701 13.232911 0.011434 0.999223 -0.004843 0.037415
1598542657.823145 -16.523596 -0.082406 12.679568 0.003385 0.999291 0.000680 0.037485
1598542658.230815 -16.523745 -0.076545 12.112821 0.001021 0.999985 0.002059 -0.004954
1598542658.628631 -16.524263 -0.077950 11.607597 0.004350 0.999297 0.004242 -0.037007
1598542659.010906 -16.590809 -0.057365 11.047663 0.008221 0.997595 0.007032 -0.068464
1598542659.411286 -16.641483 -0.060068 10.525739 0.008206 0.994806 0.005377 -0.101319
1598542659.798706 -16.771402 -0.062804 9.987513 0.008987 0.992822 0.007182 -0.119048
1598542660.202116 -16.862009 -0.065471 9.491864 -0.001288 0.992074 0.003675 -0.125595
1598542661.016632 -17.101328 -0.074782 8.712435 0.008550 0.991363 0.009050 -0.130552
1598542661.417403 -17.251499 -0.057734 8.175050 0.004157 0.990389 0.007189 -0.138058
1598542661.832811 -17.397840 -0.042533 7.655381 0.006588 0.988208 0.004765 -0.152902
1598542662.221289 -17.574341 -0.020264 7.130592 0.000399 0.985387 0.006445 -0.170209
1598542662.596122 -17.778309 -0.007178 6.630342 0.005672 0.981409 0.014308 -0.191308
1598542663.018323 -17.949518 -0.028106 6.277970 0.004586 0.976548 0.015245 -0.214711
1598542663.780152 -18.211435 -0.049637 5.694423 -0.017636 0.966389 -0.002140 -0.256469
1598542664.614628 -18.487593 -0.066112 5.238122 0.000858 0.949376 0.007786 -0.314044
1598542665.390099 -18.825377 -0.051618 4.767972 -0.004945 0.939105 0.003486 -0.343577
1598542665.776518 -19.037052 -0.067141 4.548756 -0.004195 0.937592 0.002406 -0.347703
1598542666.624908 -19.300007 -0.053578 4.090675 -0.004233 0.961372 0.004451 -0.275185
1598542666.996833 -19.471983 -0.056993 3.820798 -0.007856 0.976202 -0.002023 -0.216711
1598542667.393534 -19.641731 -0.069135 3.550678 -0.014568 0.980208 -0.000234 -0.197432
