1598530616.905254 0.048151 0.000000 0.035779 0.000000 0.005649 -0.000000 0.999984
1598530617.237600 0.004467 0.024844 0.590252 -0.016876 -0.015303 0.004551 0.999730
1598530617.605192 0.112487 0.020128 1.090984 -0.020843 0.007977 -0.007390 0.999724
1598530617.995136 0.162164 0.011470 1.668054 0.003059 -0.009443 -0.011879 0.999880
1598530618.409162 0.204205 -0.031472 2.228097 0.011463 -0.034792 0.008570 0.999292
1598530618.840184 0.290037 -0.038564 2.806944 0.000671 -0.014319 0.010903 0.999838
1598530619.212906 0.303532 0.040490 3.286789 0.000059 -0.023636 0.003535 0.999714
1598530619.603311 0.359208 -0.013165 3.901884 -0.006067 -0.027272 0.007588 0.999581
1598530620.003592 0.431078 -0.040470 4.399271 -0.003967 -0.014395 0.005199 0.999875
1598530620.419275 0.503382 0.008906 4.933891 -0.009861 -0.022108 -0.000905 0.999707
1598530620.804641 0.623655 -0.072008 5.481768 0.006983 0.029062 0.015440 0.999434
1598530621.186409 0.639886 -0.037139 6.022039 0.018026 0.022302 0.007325 0.999562
1598530621.622957 0.656740 -0.105447 6.578174 -0.006589 -0.024183 0.028442 0.999281
1598530622.020518 0.693152 -0.105447 7.102401 -0.004563 -0.008532 0.031715 0.999450
1598530622.428156 0.692870 -0.072256 7.588165 -0.006855 -0.043200 0.014190 0.998942
1598530622.827666 0.730311 -0.128708 8.218950 -0.023078 -0.045677 0.006247 0.998670
1598530623.243863 0.750717 -0.171377 8.725533 0.010630 -0.037632 0.028439 0.998830
1598530623.585248 0.789415 -0.166246 9.295428 -0.001506 -0.055331 0.043825 0.997505
1598530623.987613 0.863243 -0.185950 9.780519 -0.005016 -0.009938 0.020062 0.999737
1598530624.389298 0.840964 -0.189818 10.366170 0.003695 -0.028111 0.006585 0.999576
1598530624.805229 0.845806 -0.133720 10.943069 -0.023557 -0.052897 0.007208 0.998296
1598530625.194304 0.911308 -0.193324 11.499225 -0.010816 -0.018091 0.036228 0.999121
1598530625.618190 0.910700 -0.232140 12.084242 -0.016357 -0.060275 0.046301 0.996973
1598530626.007227 0.878535 -0.245749 12.683944 -0.006599 -0.087685 0.029272 0.995696
1598530626.388051 0.934605 -0.269202 13.099674 0.002470 -0.074431 0.025323 0.996902
1598530626.804476 0.854889 -0.242957 13.597551 0.018950 -0.183136 0.026853 0.982538
1598530627.254402 0.749375 -0.213625 14.129684 0.007063 -0.331417 0.033167 0.942875
1598530627.588951 0.668603 -0.249969 14.571225 -0.004755 -0.462965 -0.000820 0.886364
1598530627.991107 0.668498 -0.163553 15.013453 -0.026838 -0.544599 -0.019247 0.838046
1598530628.404277 0.530997 -0.204644 15.530272 -0.005901 -0.541038 0.001113 0.840977
1598530628.783873 0.515973 -0.167051 16.156910 -0.014127 -0.483547 -0.001566 0.875203
1598530629.188833 0.590886 -0.313053 16.745708 0.012652 -0.355375 0.015046 0.934517
1598530629.586189 0.739571 -0.279376 17.155489 0.002103 -0.306423 -0.008622 0.951854
1598530629.995253 0.799487 -0.250131 17.767950 0.022164 -0.276318 -0.004327 0.960801
1598530630.422900 1.021326 -0.235701 18.252972 -0.001317 -0.144176 -0.009104 0.989509
1598530630.798420 1.051973 -0.295492 18.746197 -0.004390 -0.079948 0.000614 0.996789
1598530631.196016 1.113375 -0.299569 19.258490 0.006771 -0.055887 0.022499 0.998161
1598530631.592746 1.258636 -0.302090 19.839613 0.014427 0.011703 0.033449 0.999268
1598530631.992047 1.358568 -0.272339 20.220814 -0.015273 0.032018 0.007443 0.999343
1598530632.401469 1.438689 -0.277913 20.834301 0.002110 0.054695 0.004720 0.998490
1598530632.791860 1.441159 -0.238369 21.293146 0.015535 0.073930 0.011141 0.997080
1598530633.192511 1.462432 -0.297485 21.914906 -0.021875 0.056817 -0.022659 0.997888
1598530633.606016 1.551057 -0.374287 22.410295 -0.008452 0.083854 0.003469 0.996436
1598530634.002651 1.531102 -0.345126 22.857599 -0.017396 0.048714 0.016398 0.998527
1598530634.386262 1.567420 -0.328633 23.369387 -0.017721 0.033773 -0.015917 0.999146
1598530634.784940 1.685362 -0.401202 23.953461 0.006147 0.037554 -0.026216 0.998932
1598530635.190596 1.674913 -0.431423 24.472000 -0.010046 0.007430 -0.017689 0.999765
1598530635.629395 1.801068 -0.397363 25.043018 -0.002772 0.033934 0.012982 0.999336
1598530635.988739 1.883400 -0.339244 25.519737 0.008491 0.084856 0.047232 0.995237
1598530636.419156 1.886082 -0.370660 26.101109 -0.011930 0.064573 0.041562 0.996976
1598530636.797680 1.941448 -0.372872 26.627575 -0.006302 0.077346 0.057514 0.995324
1598530637.202679 2.012475 -0.405955 27.051443 -0.004394 0.117709 0.045306 0.992004
1598530637.595844 1.962064 -0.370608 27.598118 0.006565 0.094585 0.036133 0.994839
1598530637.995319 2.125932 -0.433846 28.133511 -0.008274 0.111289 0.034163 0.993166
1598530638.432313 2.109574 -0.412295 28.638386 0.008171 0.097393 0.017500 0.995059
1598530638.827030 2.195085 -0.406080 29.159006 -0.008229 0.078999 0.051269 0.995521
1598530639.222481 2.265440 -0.422404 29.669176 -0.022945 0.095889 0.058433 0.993411
1598530639.616790 2.265556 -0.457553 30.214569 0.004604 0.054893 0.037204 0.997788
1598530640.003420 2.353841 -0.430089 30.745560 -0.021032 0.033059 0.051168 0.997921
1598530640.385584 2.388794 -0.475164 31.246254 -0.033788 0.056262 0.065565 0.995688
1598530640.809664 2.429384 -0.441245 31.753948 -0.025512 0.059772 0.031430 0.997391
1598530641.199816 2.524036 -0.510043 32.270020 0.000816 0.102793 0.007938 0.994671
1598530641.595864 2.541297 -0.522018 32.793930 0.000510 0.082913 0.027623 0.996174
1598530641.987598 2.660466 -0.457831 33.344738 -0.004655 0.074381 0.031044 0.996736
1598530642.388133 2.707078 -0.475471 33.854530 -0.007701 0.093563 0.039464 0.994801
1598530642.796257 2.754899 -0.492841 34.343781 0.022292 0.090789 -0.004011 0.995613
1598530643.192924 2.855809 -0.487588 34.894901 -0.009980 0.080849 0.020969 0.996456
1598530643.606330 2.900532 -0.452020 35.359257 -0.011028 0.110772 0.010538 0.993729
1598530644.005434 2.953582 -0.572673 35.949535 -0.018768 0.084516 0.023927 0.995958
1598530644.408272 3.021549 -0.557395 36.458134 -0.031827 0.095110 0.030389 0.994494
1598530644.798371 3.028567 -0.497711 36.928177 -0.003327 0.105432 0.021359 0.994192
1598530645.186605 3.062012 -0.489533 37.496487 -0.007128 0.078307 0.037262 0.996207
1598530645.589576 3.093879 -0.514004 37.984043 -0.013640 0.099167 0.046078 0.993910
1598530646.003655 3.192671 -0.444133 38.521248 0.009196 0.091941 -0.015581 0.995600
1598530646.414752 3.217966 -0.460465 39.100647 -0.015668 0.075643 0.006906 0.996988
1598530646.826287 3.200070 -0.453672 39.609093 0.021343 0.104327 -0.009639 0.994267
1598530647.235264 3.179896 -0.591954 40.208496 0.006665 0.066891 0.002463 0.997735
1598530647.627325 3.291241 -0.560290 40.676956 0.003196 0.101734 0.010780 0.994748
1598530648.026246 3.249370 -0.576854 41.251465 -0.011283 0.097545 -0.000654 0.995167
1598530648.426087 3.333557 -0.532932 41.816456 -0.016979 0.077211 0.012852 0.996787
1598530648.826568 3.354790 -0.607601 42.359470 0.012198 0.103984 0.030568 0.994034
1598530649.205892 3.427085 -0.608634 42.893856 0.003516 0.071238 0.014075 0.997354
1598530649.624750 3.461512 -0.607443 43.424118 0.003782 0.072702 0.022633 0.997090
1598530650.015048 3.475587 -0.599645 43.937309 0.011241 0.074737 0.030013 0.996688
1598530650.414317 3.509004 -0.660089 44.509075 0.020835 0.049038 0.011315 0.998516
1598530650.824253 3.588073 -0.730884 45.003880 0.014055 0.056692 0.040870 0.997456
1598530651.227726 3.577683 -0.661326 45.561024 0.003044 0.026524 0.032688 0.999109
1598530651.624466 3.654980 -0.676197 46.067577 0.012571 0.014066 0.008130 0.999789
1598530652.025334 3.666072 -0.707430 46.629635 0.033863 -0.015961 0.028769 0.998885
1598530652.442209 3.682675 -0.740101 47.125271 0.044558 -0.067997 0.025049 0.996375
1598530652.825507 3.774891 -0.747388 47.639751 0.063923 -0.040565 0.001696 0.997129
1598530653.212962 3.783590 -0.755934 48.233826 0.084802 -0.051255 0.022969 0.994814
1598530653.583292 3.743772 -0.739551 48.786106 0.064414 -0.074701 0.032682 0.994587
1598530653.986719 3.779863 -0.728064 49.294273 0.037583 -0.036047 -0.001737 0.998642
1598530654.415549 3.871380 -0.769646 49.863007 0.033521 0.000002 -0.011285 0.999374
1598530654.786102 3.901208 -0.789332 50.456913 0.019392 -0.033751 0.002635 0.999239
1598530655.192791 3.958208 -0.792126 51.007622 0.040660 -0.019288 0.010991 0.998926
1598530655.620503 4.046655 -0.824797 51.567410 0.018163 -0.024131 0.016031 0.999415
1598530656.034585 4.183509 -0.828660 52.084633 0.032319 0.034199 -0.011724 0.998824
1598530656.426446 4.411267 -0.830946 52.541008 0.031668 0.122668 -0.011255 0.991879
1598530656.808286 4.684827 -0.864107 53.021488 0.013525 0.185696 0.002880 0.982510
1598530657.237202 4.938978 -0.931140 53.506355 0.041715 0.303000 -0.014723 0.951963
1598530657.628040 5.207418 -0.919714 53.943005 0.032759 0.343482 -0.012462 0.938505
1598530658.018813 5.491273 -0.852712 54.311157 0.033546 0.357522 -0.015746 0.933169
1598530658.425992 5.874687 -0.844469 54.592457 0.017130 0.443982 0.001971 0.895870
1598530658.817880 6.291336 -0.912246 54.822105 0.037586 0.486216 -0.021560 0.872764
1598530659.219303 6.869073 -0.930078 55.248482 -0.001088 0.487866 -0.004729 0.872905
1598530659.631227 7.357559 -0.934343 55.379337 0.001840 0.531169 0.000854 0.847264
1598530660.031016 7.709654 -0.946472 55.423229 0.020057 0.517020 -0.011211 0.855665
1598530660.427562 8.265141 -1.022418 55.705433 -0.003832 0.519131 0.007674 0.854651
1598530660.804265 8.780748 -1.066943 55.848885 -0.006723 0.566103 0.016839 0.824135
1598530661.216656 9.257010 -0.998823 56.071819 -0.002656 0.539340 0.024029 0.841741
1598530661.595556 9.629020 -1.047455 56.099537 0.017542 0.539870 -0.008676 0.841521
1598530661.987970 10.186168 -1.073674 56.288853 0.004133 0.529840 -0.009044 0.848039
1598530662.391537 10.694564 -1.075688 56.585175 -0.008046 0.497571 0.018588 0.867187
1598530662.795096 11.201012 -0.998718 56.689739 0.004416 0.534980 0.020424 0.844606
1598530663.198771 11.711623 -1.105447 56.966965 0.012977 0.511070 0.008267 0.859401
1598530663.586939 12.152645 -0.997902 57.103771 -0.008909 0.485155 0.020884 0.874134
1598530664.001050 12.665735 -1.087197 57.379177 -0.003518 0.509678 0.014216 0.860241
1598530664.393639 13.028777 -0.993245 57.523689 0.006000 0.456895 0.006517 0.889477
1598530664.805879 13.624956 -1.142592 57.876820 0.010150 0.465584 0.006004 0.884925
1598530665.191868 14.021772 -1.167489 57.985283 0.016382 0.471177 0.001028 0.881886
1598530665.596664 14.487654 -1.163569 58.265530 0.000184 0.419528 0.028869 0.907283
1598530665.991451 14.968613 -1.110539 58.449276 0.021590 0.459420 0.001382 0.887956
1598530666.387782 15.496833 -1.139755 58.711723 0.016074 0.457402 -0.005904 0.889095
1598530666.788021 15.987423 -1.158244 58.912331 0.011069 0.459829 0.014309 0.887823
1598530667.193361 16.486681 -1.154186 59.135212 0.002112 0.488405 0.020712 0.872369
1598530667.604830 16.870623 -1.074727 59.256100 -0.005919 0.474444 0.015037 0.880137
1598530668.008466 17.445581 -1.175350 59.505463 0.007751 0.515550 0.004717 0.856812
1598530668.393826 17.956434 -1.206944 59.650726 0.002399 0.578323 0.004207 0.815793
1598530668.789926 18.483212 -1.142446 59.826107 -0.008030 0.597311 0.014086 0.801846
1598530669.235673 19.028757 -1.182531 59.912319 -0.011880 0.652612 0.012594 0.757495
1598530669.626604 19.502756 -1.195071 60.003155 -0.017843 0.679801 0.018530 0.732945
1598530670.026108 20.074450 -1.173655 60.099239 -0.021203 0.672801 0.021271 0.739213
1598530670.422777 20.591812 -1.214033 60.186687 -0.019132 0.706291 0.019165 0.707404
1598530670.826275 21.205160 -1.166603 60.184010 -0.026925 0.693596 0.027465 0.719337
1598530671.220538 21.716665 -1.234950 60.138531 -0.039288 0.682155 0.039996 0.729055
1598530671.613626 22.283617 -1.197236 60.052990 -0.025671 0.707698 0.025583 0.705585
1598530672.037721 22.762339 -1.142453 60.009079 -0.042967 0.684293 0.044542 0.726576
1598530672.427779 23.400246 -1.201667 59.985683 -0.047617 0.699374 0.048425 0.711522
1598530672.829317 23.845589 -1.224340 59.799664 -0.043050 0.718598 0.040962 0.692882
1598530673.197893 24.356295 -1.218281 59.758926 -0.047939 0.714205 0.045961 0.696779
1598530673.621558 24.825422 -1.254032 59.572933 -0.038758 0.770801 0.017997 0.635641
1598530673.987175 25.442396 -1.252736 59.498955 -0.017571 0.816753 -0.019997 0.576373
1598530674.400090 25.961729 -1.167586 59.421097 0.002317 0.855677 -0.040979 0.515881
1598530674.806481 26.547663 -1.198059 59.388580 0.019871 0.882358 -0.062448 0.465993
1598530675.235435 26.987215 -1.089404 59.380554 0.082701 0.877124 -0.112929 0.459413
1598530675.624718 27.452618 -1.003652 59.430065 0.105641 0.841482 -0.118434 0.516451
1598530676.030490 27.972763 -0.998938 59.440483 0.049260 0.793519 -0.057517 0.603815
1598530676.424589 28.794184 -1.456026 59.229172 -0.023084 0.735962 0.020971 0.676304
1598530676.830480 29.440281 -1.530986 59.137238 -0.073504 0.682931 0.071058 0.723293
1598530677.224874 29.840380 -1.581588 59.119568 -0.081002 0.640298 0.067373 0.760867
1598530677.615372 30.312832 -1.481298 59.135208 -0.038696 0.639974 0.031931 0.766757
1598530678.051937 30.744257 -1.448617 59.005840 -0.004026 0.655511 0.004067 0.755164
1598530678.443414 31.344748 -1.461234 58.875671 0.014809 0.656095 -0.013566 0.754411
1598530678.818627 31.873041 -1.283070 58.826927 0.027097 0.626970 -0.022906 0.778235
1598530679.282733 32.445080 -1.265159 58.713726 0.046337 0.622919 -0.049849 0.779320
1598530679.700204 32.872993 -1.114740 58.604923 0.043075 0.564232 -0.076089 0.820974
1598530680.080189 33.430222 -1.047882 58.626106 0.060997 0.549342 -0.090650 0.828424
1598530680.497427 33.926632 -0.990294 58.477219 0.071399 0.585326 -0.092599 0.802323
1598530680.904449 34.434834 -0.863020 58.512932 0.106861 0.598772 -0.123921 0.784026
1598530681.292405 34.750286 -0.832530 58.438168 0.115685 0.702570 -0.114900 0.692683
1598530681.716061 35.246239 -0.724268 58.506958 0.167661 0.765913 -0.160972 0.599462
1598530682.106447 35.946259 -0.707557 58.487797 0.150012 0.836026 -0.150035 0.506010
1598530682.528761 37.008152 -0.654849 58.250694 0.093932 0.887746 -0.093252 0.440894
1598530682.928868 37.967739 -1.315590 57.293411 0.060813 0.850192 -0.060792 0.519403
1598530683.323855 38.808144 -1.157138 57.627182 0.066906 0.759772 -0.074750 0.642404
1598530683.705857 38.499817 -0.901503 58.155087 0.064886 0.712340 -0.065242 0.695776
1598530684.133533 38.888107 -0.828992 58.030380 0.087150 0.725623 -0.086988 0.676986
1598530684.509005 39.528633 -0.721651 58.072769 0.078148 0.760005 -0.076355 0.640667
1598530684.894391 39.952160 -0.646936 58.000694 0.052999 0.791497 -0.053917 0.606479
1598530685.293218 40.424198 -0.603999 57.948898 0.033384 0.772737 -0.029101 0.633180
1598530685.698110 40.771484 -0.483009 57.907097 0.045726 0.783356 -0.032796 0.619021
1598530686.104572 41.404007 -0.449382 57.966175 0.049031 0.753203 -0.039042 0.654795
1598530686.467773 42.009651 -0.423973 57.902386 0.005108 0.756837 0.004584 0.653568
1598530686.881339 42.435452 -0.268961 57.927589 0.024661 0.787410 -0.007266 0.615894
1598530687.304147 42.813290 -0.083233 57.918800 0.027407 0.788598 -0.007393 0.614254
1598530687.704885 43.294331 -0.015081 57.846714 0.048435 0.829159 -0.023785 0.556403
1598530688.109472 43.739388 0.079036 57.780209 0.068355 0.895619 -0.013375 0.439335
1598530688.498487 44.787773 0.348349 57.598633 0.094494 0.897515 -0.035531 0.429273
1598530688.899522 45.324661 0.330887 57.585419 0.099119 0.880341 -0.071997 0.458248
1598530689.297425 45.893467 0.430910 57.513851 0.087652 0.830300 -0.084188 0.543904
1598530689.729359 46.325504 0.510190 57.540005 0.092864 0.726914 -0.091926 0.674183
1598530690.497844 46.917744 0.539897 57.696995 0.074555 0.685184 -0.074714 0.720682
1598530690.885877 47.431969 0.640105 57.648121 0.067827 0.655583 -0.072742 0.748545
1598530691.282474 47.939842 0.777754 57.572124 0.079885 0.694083 -0.080796 0.710872
1598530691.690266 48.746132 1.175903 57.093361 0.144775 0.705477 -0.143141 0.678862
1598530692.097980 49.365757 1.291993 57.041965 0.115921 0.663796 -0.118501 0.729311
1598530692.489698 49.462666 1.193320 57.387257 0.101629 0.645933 -0.106363 0.749085
1598530692.904827 49.950363 1.260660 57.385971 0.111880 0.641197 -0.123493 0.749065
1598530693.323484 50.871338 1.588321 56.850246 0.092777 0.619210 -0.102499 0.772959
1598530693.723194 51.145237 1.857170 56.445507 0.105483 0.568148 -0.136410 0.804658
1598530694.115204 51.630569 1.494964 56.311192 0.118891 0.544236 -0.167285 0.813442
1598530694.523272 52.162704 1.602193 57.158543 0.097967 0.612885 -0.120749 0.774722
1598530694.932346 53.043140 1.560460 57.263538 0.086548 0.692830 -0.087072 0.710573
1598530695.333393 53.458645 1.708308 57.184937 0.085826 0.743495 -0.083638 0.657916
1598530695.715901 53.921062 1.910183 57.161270 0.106081 0.788113 -0.103125 0.597486
1598530696.109046 54.274342 2.111153 57.045643 0.109652 0.797841 -0.104027 0.583614
1598530696.491168 54.798340 2.222617 56.916794 0.088417 0.795973 -0.080215 0.593443
1598530696.885514 55.479107 2.324514 56.816368 0.052095 0.777306 -0.048431 0.625089
1598530697.298782 55.813828 2.540433 56.798714 0.058248 0.746552 -0.054903 0.660494
1598530697.709582 56.175594 2.765467 56.843639 0.071559 0.740513 -0.069414 0.664607
1598530698.090941 56.810261 2.940843 56.888813 0.095892 0.733555 -0.097142 0.665782
1598530698.529511 57.199944 2.839139 56.877804 0.143879 0.762076 -0.151580 0.612832
1598530698.909218 57.693268 2.859770 56.845135 0.215588 0.826506 -0.214690 0.473623
1598530699.309192 58.430233 2.951121 56.973003 0.239021 0.844647 -0.239321 0.414928
1598530699.717486 59.001278 3.106834 57.145805 0.292056 0.802473 -0.331187 0.401318
1598530700.131806 59.701248 3.183733 57.170414 0.297959 0.755600 -0.352798 0.464567
1598530700.501922 59.852280 3.542547 56.412868 0.239873 0.720968 -0.264567 0.593861
1598530700.886322 60.176514 3.292575 55.122852 0.208031 0.675290 -0.207870 0.676385
1598530701.311594 60.839802 3.046189 54.608376 0.205164 0.655841 -0.202847 0.697591
1598530701.715574 61.433765 3.075347 54.555218 0.204100 0.611646 -0.208702 0.735307
1598530702.092922 61.928165 3.336090 54.453167 0.215688 0.559012 -0.236689 0.764829
1598530702.484877 61.349369 2.834208 54.530468 0.228974 0.618924 -0.244367 0.710485
1598530702.904893 61.584286 3.046317 55.048286 0.249474 0.648927 -0.253486 0.672607
1598530703.287549 62.308067 3.449030 55.422424 0.279936 0.690898 -0.267087 0.610705
1598530703.728122 62.765156 3.845131 55.401814 0.265636 0.717670 -0.251784 0.592445
1598530704.130744 63.296021 4.049429 55.360775 0.263845 0.652176 -0.264233 0.659722
1598530704.500149 63.721123 4.208833 55.085903 0.254253 0.685749 -0.249522 0.634699
1598530704.887985 64.324753 4.393055 54.958286 0.231200 0.726899 -0.219441 0.608285
1598530705.303749 64.783836 4.600576 55.131905 0.244482 0.714355 -0.237736 0.611070
1598530705.727593 65.234474 4.837795 55.104061 0.234410 0.712422 -0.228810 0.620607
1598530706.083680 65.738701 5.095935 55.210026 0.246061 0.693858 -0.242903 0.631675
1598530706.526236 66.236404 4.890542 55.552357 0.264280 0.705350 -0.260814 0.603832
1598530706.931125 66.673340 5.135809 55.570320 0.304782 0.695306 -0.302661 0.576241
1598530707.313255 67.149330 5.407218 55.566025 0.299903 0.677704 -0.299855 0.600718
1598530707.696929 67.582718 5.438010 55.541664 0.330813 0.677031 -0.328074 0.569701
1598530708.095484 68.065468 5.694078 55.498123 0.344610 0.733336 -0.316677 0.493130
1598530708.488120 68.568481 6.093489 55.494495 0.346261 0.747622 -0.306005 0.476997
1598530708.910918 69.079468 6.230784 55.503872 0.377664 0.739520 -0.330658 0.448492
1598530709.288260 69.444481 6.545084 55.456558 0.365494 0.757925 -0.304438 0.446409
1598530709.691916 69.946022 6.772782 55.448494 0.361781 0.746560 -0.306160 0.466936
1598530710.087685 70.442024 6.989795 55.463943 0.344926 0.765433 -0.285391 0.462267
1598530710.494303 71.039742 7.169710 55.378597 0.328264 0.741297 -0.301025 0.502102
1598530710.929085 71.499214 7.352777 55.411716 0.301461 0.739607 -0.278661 0.533339
1598530711.314957 72.031441 7.419110 55.215912 0.269558 0.773044 -0.238408 0.522401
1598530711.692299 72.611427 7.658199 55.197693 0.243640 0.788543 -0.217790 0.520968
1598530712.093702 72.957108 7.854688 55.168304 0.228575 0.834254 -0.175918 0.469922
1598530712.533628 73.476059 8.136919 55.111015 0.227623 0.835960 -0.183024 0.464609
1598530712.929580 73.971916 8.480638 55.095371 0.217477 0.840293 -0.179360 0.463078
1598530713.321661 74.263443 8.747064 55.118309 0.222396 0.860547 -0.148564 0.433506
1598530713.704536 74.665619 8.933760 54.982903 0.219880 0.871615 -0.129064 0.418668
1598530714.076993 75.295929 9.177945 55.003559 0.219364 0.884807 -0.126521 0.391137
1598530714.487909 75.912056 9.694051 55.208645 0.220310 0.832134 -0.163443 0.481978
1598530714.889147 76.414146 10.073683 55.322960 0.224761 0.683400 -0.223276 0.657720
1598530715.744094 76.840927 10.130836 54.800465 0.252215 0.507986 -0.265161 0.779761
1598530716.117899 76.596481 9.958966 55.244209 0.246858 0.616671 -0.255339 0.702553
1598530716.535313 77.066345 10.251204 55.171513 0.236482 0.838594 -0.155919 0.465323
1598530716.937532 77.572502 10.474423 55.218525 0.216396 0.926317 -0.053955 0.303641
1598530717.301939 78.041725 10.589984 55.234623 0.199890 0.965874 -0.014060 0.164115
1598530717.694359 78.564514 10.857064 55.409382 0.190605 0.978411 -0.002086 0.079858
1598530718.103459 79.030609 11.081480 55.542988 0.211655 0.972297 -0.032252 0.093814
1598530718.493642 79.360756 11.294159 55.513908 0.248923 0.957809 -0.058303 0.131304
1598530718.918468 79.932373 11.490582 55.847618 0.266612 0.930048 -0.113014 0.226177
1598530719.310794 80.375183 11.731261 56.048447 0.258159 0.894910 -0.155572 0.329069
1598530719.733258 80.869919 11.794693 56.195869 0.257826 0.831093 -0.209626 0.445945
1598530720.131296 81.270012 11.888428 56.393173 0.269167 0.693883 -0.267165 0.612126
1598530720.520105 81.755264 12.080578 56.555313 0.239400 0.612197 -0.232505 0.716829
1598530720.902088 82.267586 12.331628 56.755352 0.257440 0.549869 -0.248396 0.754764
1598530721.325526 82.750916 12.450608 56.823433 0.242355 0.532286 -0.239454 0.774983
1598530721.725927 83.168015 12.799891 56.934513 0.222683 0.516802 -0.220257 0.796752
1598530722.109998 83.737915 12.901097 56.723129 0.197371 0.528609 -0.211010 0.798181
1598530722.497702 84.290688 13.073026 57.068821 0.223492 0.550113 -0.229694 0.771147
1598530722.933557 84.697632 13.467701 57.080746 0.265729 0.549952 -0.268937 0.744724
1598530723.323753 85.071457 13.587136 57.132671 0.290482 0.547091 -0.292194 0.728652
1598530723.711017 85.534645 13.796380 57.162846 0.278948 0.594549 -0.279970 0.700227
1598530724.131783 86.122047 13.960461 57.537601 0.283218 0.597860 -0.288767 0.692073
1598530724.529229 86.518318 14.230932 57.498108 0.281835 0.607466 -0.288636 0.684283
1598530724.888964 86.947922 14.516397 57.492790 0.264865 0.629771 -0.268921 0.678908
1598530725.303170 87.477730 14.691944 57.528042 0.250303 0.693395 -0.244772 0.629793
1598530725.717368 88.043190 14.817818 57.875996 0.249702 0.680159 -0.247134 0.643395
1598530726.145515 88.434967 15.071583 57.815033 0.247712 0.637035 -0.249167 0.686106
1598530726.531936 88.832764 15.246316 57.878128 0.234347 0.621781 -0.238449 0.708245
1598530726.894779 89.319855 15.449617 57.969334 0.235018 0.618419 -0.237763 0.711191
1598530727.293304 89.803009 15.717181 58.119144 0.256650 0.565672 -0.261909 0.738613
1598530727.726857 90.371529 15.931774 58.266636 0.238329 0.471233 -0.235938 0.815765
1598530728.083245 90.746063 16.057579 58.392387 0.198493 0.419025 -0.200489 0.863031
1598530728.565889 90.949089 15.940334 58.705551 0.209695 0.425248 -0.214650 0.853884
1598530728.927881 91.480904 16.267977 58.787849 0.227537 0.522953 -0.239683 0.785684
1598530729.323516 92.142479 16.499096 58.961681 0.264063 0.624368 -0.268557 0.684333
1598530729.729886 93.172379 16.934908 58.550095 0.270556 0.625617 -0.273892 0.678517
1598530730.127784 93.589401 17.117771 58.622089 0.272553 0.599098 -0.277517 0.699843
1598530730.495902 94.220757 17.396858 58.875359 0.277552 0.590687 -0.279156 0.704362
1598530730.896650 94.692047 17.731752 58.843269 0.282129 0.594678 -0.287415 0.695812
1598530731.304270 95.206306 18.070942 58.896236 0.317543 0.629033 -0.317992 0.634322
1598530731.746100 95.593155 18.257696 59.007854 0.324066 0.736576 -0.284432 0.521090
1598530732.142794 95.882095 18.480539 59.119957 0.342422 0.785088 -0.250324 0.451356
1598530732.531555 96.316292 18.742678 59.205997 0.390344 0.774030 -0.274204 0.416319
1598530732.922279 96.497108 18.969604 59.397617 0.394764 0.717430 -0.333845 0.466907
1598530733.325543 96.954926 19.193588 59.615234 0.376834 0.625349 -0.370661 0.574061
1598530733.717287 97.309143 19.184780 60.218548 0.366197 0.546222 -0.369094 0.656743
1598530734.136182 97.917839 19.598221 60.285477 0.333769 0.518918 -0.341919 0.708812
1598530734.501670 98.344749 19.799438 60.428123 0.342761 0.521222 -0.356841 0.695347
1598530734.892500 98.807724 20.116707 60.600677 0.331624 0.548097 -0.346171 0.685405
1598530735.337058 99.131943 20.410263 60.712742 0.344724 0.529593 -0.367557 0.682348
1598530735.719391 99.642105 20.770216 60.848019 0.342225 0.516639 -0.365129 0.694728
1598530736.122912 99.967827 21.023447 61.028316 0.351573 0.526137 -0.368001 0.681287
1598530736.526749 100.483589 21.351580 61.144958 0.339827 0.544868 -0.352458 0.680742
1598530736.904412 100.872963 21.696657 61.324356 0.344303 0.570280 -0.353731 0.656590
1598530737.315549 101.334045 21.963646 61.488571 0.350034 0.561460 -0.359093 0.658249
1598530737.721102 101.673424 22.180210 61.735146 0.367347 0.524573 -0.373230 0.671252
1598530738.118248 102.098679 22.457857 61.897053 0.368251 0.512196 -0.374552 0.679527
1598530738.530499 102.606003 22.767487 62.025997 0.370814 0.509220 -0.377569 0.678700
1598530738.929878 103.057304 23.063688 62.285122 0.360542 0.474090 -0.355959 0.720098
1598530739.334618 103.415985 23.360109 62.371731 0.387030 0.478206 -0.392343 0.683808
1598530739.694866 103.899071 23.732016 62.504242 0.394728 0.466010 -0.401281 0.682641
1598530740.086954 104.371964 24.021154 62.665195 0.367743 0.486314 -0.378052 0.696664
1598530740.510247 105.073250 24.300303 62.455315 0.345690 0.569727 -0.360263 0.652779
1598530740.891876 105.512558 24.545801 62.726162 0.333042 0.637914 -0.327270 0.612407
1598530741.301969 105.872887 24.817968 62.878616 0.343737 0.691223 -0.301364 0.559674
1598530741.691291 106.178650 25.117552 63.087334 0.380744 0.707017 -0.311484 0.508073
1598530742.084622 106.634598 25.562302 63.261486 0.382850 0.778010 -0.242014 0.435379
1598530742.487109 106.942703 25.866652 63.494244 0.386938 0.810583 -0.196879 0.393030
1598530742.901947 107.230148 26.135475 63.727962 0.410236 0.752623 -0.277798 0.433698
1598530743.310421 107.596199 26.460850 63.843933 0.413161 0.641818 -0.378222 0.523751
1598530743.727233 108.133949 26.583820 63.788414 0.405163 0.475344 -0.432623 0.650175
1598530744.090054 108.575394 26.852530 63.990189 0.392089 0.400335 -0.426911 0.709750
1598530744.508055 109.138000 27.093054 64.365738 0.397848 0.337250 -0.420148 0.742600
1598530744.891878 109.621864 27.455626 64.707802 0.427514 0.296916 -0.432043 0.736486
1598530745.301816 110.065445 27.826710 65.137947 0.432717 0.281664 -0.401117 0.756654
1598530746.092834 110.627655 28.639648 65.532883 0.428190 0.336442 -0.457779 0.702779
1598530746.495660 111.076576 29.104982 65.744217 0.405592 0.395992 -0.446203 0.692524
1598530746.894653 111.515038 29.533628 65.947189 0.388518 0.461424 -0.424691 0.675114
1598530747.325719 111.696167 29.855879 66.077049 0.379713 0.481035 -0.418062 0.670558
1598530747.732666 111.980110 30.181458 66.266739 0.372757 0.489338 -0.415493 0.670049
1598530748.114759 112.173882 30.653419 66.433777 0.381133 0.450500 -0.433823 0.680871
1598530748.498840 112.598038 31.045792 66.609360 0.382809 0.502437 -0.422372 0.650089
1598530748.930598 112.873238 31.440388 66.764511 0.335413 0.589543 -0.352374 0.644802
1598530749.333325 112.858421 31.865076 66.967804 0.364244 0.565053 -0.386073 0.631656
1598530749.749073 113.415443 32.259640 67.230133 0.367770 0.542826 -0.398810 0.641120
1598530750.112366 113.725029 32.544743 67.503281 0.371631 0.523339 -0.406872 0.649971
1598530750.512865 113.879105 32.928757 67.765724 0.369189 0.488313 -0.409977 0.676143
1598530750.898145 114.227264 33.308582 67.996986 0.346828 0.520829 -0.381458 0.680395
1598530751.286611 114.708557 33.715450 68.186043 0.328014 0.550610 -0.363713 0.675980
1598530751.683687 115.204285 33.943272 68.326027 0.402636 0.521828 -0.430261 0.616811
1598530752.127788 115.770035 34.165051 68.191704 0.453722 0.473818 -0.478136 0.583968
1598530752.512464 116.582870 34.563477 68.064972 0.507585 0.399143 -0.533846 0.545940
1598530752.921018 116.983170 35.276520 67.841072 0.563082 0.264791 -0.580779 0.524900
1598530753.319679 117.391754 35.665249 67.749313 0.577478 0.232219 -0.598925 0.503867
1598530753.733555 117.750008 36.082260 67.700470 0.600111 0.141881 -0.594158 0.516442
1598530754.137991 118.325470 36.685833 67.703568 0.629970 0.045744 -0.562335 0.533689
1598530754.492177 118.596107 37.133751 67.774422 0.647672 -0.026671 -0.579778 0.493627
1598530754.894638 119.161995 37.698059 67.807091 0.672008 -0.085083 -0.565761 0.470192
1598530755.285633 119.496162 38.160889 67.795288 0.691072 -0.130408 -0.530408 0.473372
1598530755.684188 119.528366 38.494762 67.913948 0.677077 -0.027958 -0.587808 0.441890
1598530756.099110 119.836082 38.947067 68.197021 0.682570 -0.075999 -0.578415 0.440180
1598530756.485214 120.063179 39.291466 68.561211 0.697426 -0.098597 -0.569070 0.424305
1598530756.929681 120.095642 39.694942 68.722733 0.678237 -0.050912 -0.590628 0.434236
1598530757.331340 120.351814 40.086472 69.178123 0.687917 -0.039029 -0.545288 0.477397
1598530757.713191 120.778435 40.624840 69.414398 0.653463 0.033410 -0.572469 0.494115
1598530758.128552 120.854858 40.921909 69.541794 0.645742 0.006903 -0.555037 0.524312
1598530758.513653 120.590149 40.732151 70.608406 0.610752 0.032383 -0.542777 0.575610
1598530758.910150 120.718544 40.378094 71.598732 0.533045 0.149951 -0.527889 0.643980
1598530759.306843 120.830292 40.869049 72.224335 0.459676 0.247505 -0.495782 0.694003
1598530759.688280 121.287552 41.140984 72.772987 0.401114 0.333926 -0.454374 0.721904
1598530760.085017 121.597534 40.987053 73.204674 0.361725 0.396531 -0.424443 0.729223
1598530760.485294 121.637283 41.316399 73.575500 0.372358 0.333685 -0.424057 0.755102
1598530760.896887 122.099609 41.785797 73.851845 0.368313 0.341735 -0.418666 0.756493
1598530761.314556 122.373428 42.099133 74.143478 0.369696 0.319232 -0.409558 0.770505
1598530761.714790 122.500496 42.279701 74.655640 0.346247 0.341150 -0.388449 0.782839
1598530762.114382 122.802200 42.674057 74.887848 0.338272 0.339018 -0.367439 0.797263
1598530762.528917 123.254219 43.150295 75.184906 0.309100 0.375154 -0.360555 0.796063
1598530762.910736 123.477982 43.496151 75.390556 0.307797 0.389716 -0.365508 0.787265
1598530763.301166 123.761940 43.230377 75.970078 0.287463 0.403459 -0.350090 0.794999
1598530763.682145 124.325302 43.703598 76.355232 0.279326 0.395209 -0.344730 0.804331
1598530764.300821 124.741310 43.535851 77.334122 0.230476 0.426589 -0.318018 0.814719
1598530764.687353 125.074074 43.943066 77.587425 0.207194 0.414235 -0.294710 0.835838
1598530765.087411 125.340111 44.172077 77.839226 0.202605 0.435358 -0.292913 0.826811
1598530765.494061 125.703888 44.567596 78.037735 0.199087 0.452221 -0.283330 0.821939
1598530765.916169 126.067574 44.915268 78.353592 0.214771 0.441240 -0.309297 0.814565
1598530766.314044 126.190163 45.168098 78.562592 0.247238 0.377217 -0.334946 0.827279
1598530766.699855 126.494484 45.422836 78.717201 0.244958 0.313459 -0.313652 0.862184
1598530767.115732 126.890724 45.820992 79.006561 0.241164 0.267832 -0.295064 0.884897
1598530767.489303 127.128029 46.100517 79.179588 0.236785 0.139496 -0.274962 0.921341
1598530768.087810 127.329292 46.869617 79.417557 0.208559 -0.006891 -0.184792 0.960368
1598530768.502371 127.536720 47.204319 79.212776 0.190369 -0.077991 -0.161464 0.965198
1598530768.896511 127.674614 47.850311 79.393066 0.166863 -0.061995 -0.153186 0.972033
1598530769.334568 128.410919 47.892166 79.313828 0.200616 0.116248 -0.246157 0.941088
1598530769.710152 128.940857 48.151077 79.328033 0.153650 0.404166 -0.269904 0.860345
1598530770.091508 129.237274 48.230778 79.309143 0.132676 0.618967 -0.174397 0.754230
1598530770.513733 129.547836 48.859249 78.634979 0.110055 0.749383 -0.074150 0.648702
1598530771.127873 130.150253 49.249256 77.915428 0.083340 0.855466 0.040268 0.509519
1598530771.522223 130.410782 49.411144 77.655144 0.057336 0.914738 0.109302 0.384735
1598530771.933118 130.525131 49.909718 77.217033 0.057483 0.938389 0.143025 0.309299
1598530772.345860 130.890625 49.983353 77.018143 0.040197 0.948727 0.124784 0.287627
1598530773.302604 131.899734 50.005981 76.338112 0.073075 0.979716 0.109168 0.151326
1598530773.687358 132.263885 50.201599 76.039833 0.080541 0.985029 0.099953 0.115069
1598530774.109862 132.293121 50.663940 75.555664 0.080521 0.978862 0.102609 0.157536
1598530774.519084 132.407227 51.047020 74.677246 0.058226 0.981184 0.114380 0.144239
1598530775.130006 133.123505 50.709309 73.396019 0.040965 0.985964 0.083379 0.138722
1598530775.528125 133.500351 50.742382 73.071098 0.065392 0.972779 0.016992 0.221666
1598530775.926641 133.735092 51.026920 72.791756 0.085400 0.955751 0.004729 0.281469
1598530776.298233 134.237503 51.263145 72.466042 0.097891 0.918320 -0.019564 0.383045
1598530776.693274 134.622940 51.548168 72.046608 0.137598 0.896200 -0.057455 0.417842
1598530777.100028 134.832413 51.640411 71.837921 0.162080 0.889573 -0.065187 0.422068
1598530777.499241 135.168823 51.851856 71.563545 0.180805 0.866365 -0.105825 0.453345
1598530777.884861 135.572266 52.026997 71.148079 0.207298 0.869459 -0.116012 0.433139
1598530778.524284 136.031525 52.286942 70.582428 0.202430 0.866046 -0.116857 0.441963
1598530778.909701 136.175217 52.463928 70.254738 0.206912 0.867513 -0.102763 0.440509
1598530779.503970 136.836365 52.648140 69.364586 0.210150 0.869522 -0.095718 0.436584
1598530779.892043 137.305099 52.759735 69.148842 0.213855 0.826129 -0.146191 0.500404
1598530780.519072 137.526367 53.117088 68.653435 0.268610 0.706439 -0.251901 0.604432
1598530781.082995 138.295029 53.548702 68.096992 0.314405 0.643651 -0.312038 0.624096
1598530781.486259 138.959106 53.788910 67.627640 0.300905 0.678792 -0.292459 0.602632
1598530782.101131 139.843582 54.236626 66.763817 0.297967 0.743493 -0.273901 0.532364
1598530782.722831 140.185455 54.820866 65.675941 0.299021 0.800239 -0.234058 0.464135
1598530783.324878 140.596619 54.999157 65.078445 0.286547 0.826271 -0.208121 0.438009
1598530783.925393 141.142792 55.628151 64.512451 0.285773 0.835981 -0.205729 0.420886
1598530784.572612 141.580200 56.191059 64.035172 0.302544 0.848860 -0.204771 0.382063
1598530785.152021 142.068893 56.539845 63.091015 0.293800 0.871706 -0.177268 0.349837
1598530785.723585 142.293777 57.160454 62.660480 0.289527 0.910523 -0.079132 0.284359
1598530786.714342 143.634796 57.374813 62.452957 0.207289 0.958784 0.168374 0.097032
1598530787.345990 144.929810 57.530655 63.013279 0.160064 0.955922 0.245905 -0.011118
1598530787.927557 146.075714 57.993374 63.303818 0.150822 0.952877 0.263150 -0.005482
1598530788.788402 145.899277 58.470718 62.812294 0.104120 0.936719 0.333024 -0.028478
1598530789.309394 146.427765 58.849869 62.362709 0.068734 0.920270 0.368756 -0.111345
1598530789.895669 146.499191 59.399052 61.344368 0.059087 0.900858 0.424013 -0.071956
1598530790.514648 146.606186 59.848740 60.285362 0.074478 0.894212 0.437457 0.058894
1598530791.117101 146.812622 60.495121 60.340572 0.088174 0.877522 0.438617 0.172611
1598530791.540715 147.037109 60.919472 60.619099 0.116166 0.879534 0.381796 0.259148
1598530791.937449 147.548325 61.326172 60.789749 0.118158 0.877897 0.309907 0.345389
1598530792.514991 147.790710 61.670078 60.656086 0.110489 0.861090 0.279094 0.410394
1598530792.891335 148.069138 62.003212 60.448532 0.114645 0.855025 0.209036 0.460535
1598530793.295365 148.427231 62.338306 60.402550 0.071566 0.855961 0.256775 0.443030
1598530793.690914 148.659775 62.589428 60.253983 0.100271 0.852542 0.236861 0.454988
1598530794.281609 149.313721 62.911022 59.756931 0.075859 0.854319 0.263198 0.441714
1598530794.684321 149.598816 63.219730 59.581367 0.077852 0.857876 0.254051 0.439825
1598530795.087665 149.880386 63.365803 59.220673 0.060792 0.859231 0.257670 0.437760
1598530795.516236 150.151108 63.597012 58.872337 0.039902 0.863029 0.307161 0.399050
1598530795.896582 150.403152 64.021645 58.885448 0.069937 0.869906 0.302715 0.383060
1598530796.287782 150.860931 64.096420 58.292553 0.063991 0.850654 0.283349 0.438184
1598530796.697200 151.131897 64.246849 58.057316 0.045599 0.850362 0.297554 0.431586
1598530797.107924 151.340607 64.582558 57.777863 0.049581 0.846618 0.276614 0.451956
1598530797.486683 151.541702 64.873878 57.518341 0.025827 0.849527 0.299226 0.433705
1598530797.911990 151.681854 65.107712 57.217613 -0.012794 0.854910 0.343160 0.388853
1598530798.295825 152.029419 65.215866 56.972794 -0.004209 0.851407 0.354788 0.386282
1598530798.703075 152.419983 65.463661 56.642464 0.001332 0.847005 0.363706 0.387684
1598530799.091484 152.770767 65.724503 56.296612 0.011373 0.846572 0.345311 0.404904
1598530799.491770 153.076035 65.986626 56.043098 0.017356 0.847276 0.309712 0.431161
1598530799.895998 153.185760 66.212486 55.740620 0.026959 0.846921 0.331184 0.415108
1598530800.314105 153.596741 66.425949 55.488392 0.061321 0.840394 0.303778 0.444631
1598530800.720503 154.048203 66.691086 55.175392 0.050095 0.842901 0.271665 0.461743
1598530801.119828 154.233551 66.694809 54.727169 0.017806 0.853850 0.312072 0.416213
1598530801.514569 154.593719 66.994270 54.400616 0.026098 0.860647 0.301573 0.409462
1598530801.905913 154.919006 67.185356 54.139629 0.007983 0.849198 0.332966 0.409796
1598530802.294523 155.249146 67.346741 53.837708 -0.001556 0.836471 0.333060 0.435183
1598530802.691448 155.666138 67.612625 53.582268 -0.014600 0.825584 0.291948 0.482664
1598530803.096658 155.891953 67.717911 53.403324 -0.002082 0.834452 0.292938 0.466769
1598530803.537628 156.351562 68.011719 53.064137 0.021533 0.846651 0.289147 0.446221
1598530803.918291 156.635498 68.282890 52.611897 0.015695 0.851422 0.305230 0.426225
1598530804.292865 156.763351 68.298080 52.325916 -0.032962 0.859285 0.381809 0.338770
1598530804.695755 157.260376 68.435402 51.959911 -0.027053 0.855202 0.377881 0.353699
1598530805.298718 158.006805 68.824257 51.358757 0.006316 0.853266 0.352832 0.383936
1598530805.695427 158.153854 69.194626 51.177303 0.013301 0.858790 0.335482 0.386981
1598530806.094191 158.765717 69.262726 50.720112 0.029405 0.849779 0.321284 0.416878
1598530806.493230 158.937408 69.482353 50.514389 0.040331 0.859802 0.313285 0.401207
1598530806.889560 159.095016 69.696053 50.177040 0.039018 0.867362 0.323819 0.375903
1598530807.306591 159.477112 69.816483 49.735943 0.013995 0.863618 0.339745 0.372210
1598530807.699169 159.556671 70.128761 49.559731 0.027290 0.872300 0.347750 0.342663
1598530808.292225 160.081909 70.311089 48.933224 0.052503 0.856253 0.357600 0.369048
1598530808.690757 160.521332 70.608643 48.629715 0.054181 0.863322 0.324187 0.382939
1598530809.119140 160.751358 70.745338 48.261448 0.042299 0.862818 0.328526 0.381873
1598530809.725406 161.059387 71.033264 47.712517 0.040893 0.859178 0.351364 0.369708
1598530810.099659 161.286499 71.287994 47.496181 0.073321 0.854777 0.346393 0.379463
1598530810.496936 161.768982 71.682991 47.052887 0.153051 0.850582 0.192377 0.464841
1598530810.897901 161.904465 72.584518 47.487732 0.161365 0.851922 0.159584 0.471935
1598530811.300520 162.295181 72.751938 46.916534 0.155221 0.849208 0.157825 0.479420
1598530811.690515 162.741348 72.855682 46.297119 0.139465 0.852254 0.196326 0.464401
1598530812.303460 163.135361 72.591972 45.529766 0.007531 0.852919 0.418919 0.311413
1598530813.288033 163.364853 73.231468 45.600109 -0.024104 0.859048 0.449459 0.243807
1598530813.712624 163.720367 73.230843 45.009613 0.027476 0.850844 0.428262 0.303153
1598530814.101799 164.096466 73.754959 44.519672 0.035957 0.853669 0.375850 0.358737
1598530814.487576 164.236694 73.807259 44.122963 0.002703 0.857910 0.394193 0.329537
1598530814.899354 164.340408 74.037331 43.740002 0.026948 0.853410 0.399224 0.334045
1598530815.296671 164.590347 74.310066 43.438267 0.041332 0.846237 0.393889 0.356407
1598530815.709546 164.891953 74.573410 43.142025 0.100450 0.848265 0.361578 0.373653
1598530816.094146 165.068298 74.805931 42.643520 0.149591 0.842347 0.288749 0.429765
1598530816.489779 165.221680 75.076775 42.347198 0.153257 0.827622 0.262982 0.471588
1598530816.920325 165.540817 75.229240 41.915901 0.130172 0.822843 0.249679 0.493605
1598530817.338248 165.845108 75.256592 41.485447 0.085720 0.826251 0.296646 0.471129
1598530817.733473 165.986893 75.405266 40.989639 0.050742 0.821382 0.391677 0.411515
1598530818.117264 166.288223 75.485786 40.500565 0.018682 0.816303 0.432728 0.382161
1598530818.512790 166.728271 75.562355 40.183636 -0.013779 0.830792 0.467378